ProfVersion: 2.1.4
Date: 2017-04-21 10:14:41
DataFormat: binned 1
ParamNames: alphaSMZ ClMaxLight PSplitLight
Dimension: 3
MinParamVals: 0.125000 0.500000 0.500000
MaxParamVals: 0.140000 3.500000 3.500000
DoParamScaling: 1
NumInputs: 36
Runs: 0 1 10 11 12 13 14 15 16 17 18 19 2 20 21 22 23 24 25 26 27 28 29 3 30 31 32 33 34 35 4 5 6 7 8 9
---
/ATLAS_2013_I1243871/d01-x01-y01#0 0.00000e+00 4.00000e-02
  val: 3 2 4.09877 -0.512684 0.20936 -0.411747 -0.238866 0.11679 -0.333846 0.672401 0.0354409 -0.125779 
  err: 3 0 0.142571 
/ATLAS_2013_I1243871/d01-x01-y01#1 4.00000e-02 8.00000e-02
  val: 3 2 6.20825 -0.361299 -0.150388 0.166592 0.0242667 -0.0489987 0.20935 0.221918 -0.111995 -0.301776 
  err: 3 0 0.151135 
/ATLAS_2013_I1243871/d01-x01-y01#2 8.00000e-02 1.20000e-01
  val: 3 2 5.12295 -0.408418 -0.318521 -0.258796 0.229334 0.040719 0.276531 0.0600988 0.10332 0.154267 
  err: 3 0 0.128136 
/ATLAS_2013_I1243871/d01-x01-y01#3 1.20000e-01 1.60000e-01
  val: 3 2 3.27429 0.232339 0.359694 -0.0931715 -0.0185834 -0.034044 -0.25381 -0.248219 -0.0344332 0.274723 
  err: 3 0 0.102085 
/ATLAS_2013_I1243871/d01-x01-y01#4 1.60000e-01 2.00000e-01
  val: 3 2 2.19685 0.153527 -0.209949 0.216291 0.00901226 0.0430413 0.179944 -0.114933 0.0117929 -0.0677008 
  err: 3 0 0.0764565 
/ATLAS_2013_I1243871/d01-x01-y01#5 2.00000e-01 2.40000e-01
  val: 3 2 1.43572 0.32085 0.0464981 0.161059 -0.0684504 -0.0739903 -0.0325922 -0.198288 0.0355387 0.00372922 
  err: 3 0 0.0575483 
/ATLAS_2013_I1243871/d01-x01-y01#6 2.40000e-01 2.80000e-01
  val: 3 2 1.05874 0.0923605 -0.0474844 0.0541598 0.0352247 0.0263952 0.0174222 -0.0788371 0.038864 0.00320423 
  err: 3 0 0.046404 
/ATLAS_2013_I1243871/d01-x01-y01#7 2.80000e-01 3.20000e-01
  val: 3 2 0.752023 0.149988 0.0778817 0.0375808 0.0467381 -0.0590571 -0.0431741 -0.104025 -0.0155213 0.0479641 
  err: 3 0 0.0344714 
/ATLAS_2013_I1243871/d01-x01-y01#8 3.20000e-01 3.60000e-01
  val: 3 2 0.541146 0.184032 0.0404174 0.130124 0.000307048 0.00648533 -0.0165302 -0.151408 -0.0558891 -0.0214054 
  err: 3 0 0.0270111 
/ATLAS_2013_I1243871/d01-x01-y01#9 3.60000e-01 4.00000e-01
  val: 3 2 0.311256 0.149308 -0.00750299 -0.00209325 -0.018982 -0.0173428 -0.00329885 -0.0587091 -0.00711905 0.032778 
  err: 3 0 0.0156058 
/ATLAS_2013_I1243871/d01-x01-y02#0 0.00000e+00 4.00000e-02
  val: 3 2 0.163951 -0.0205073 0.00837433 -0.0164699 -0.0095547 0.00467161 -0.0133538 0.026896 0.00141766 -0.00503117 
  err: 3 0 0.00570285 
/ATLAS_2013_I1243871/d01-x01-y02#1 4.00000e-02 8.00000e-02
  val: 3 2 0.412281 -0.0349593 0.0023588 -0.00980626 -0.0085841 0.00271169 -0.00497984 0.0357727 -0.00306205 -0.0171022 
  err: 3 0 0.00750873 
/ATLAS_2013_I1243871/d01-x01-y02#2 8.00000e-02 1.20000e-01
  val: 3 2 0.617199 -0.0512961 -0.010382 -0.0201582 0.000589394 0.00434049 0.00608142 0.0381767 0.00107064 -0.0109314 
  err: 3 0 0.00667344 
/ATLAS_2013_I1243871/d01-x01-y02#3 1.20000e-01 1.60000e-01
  val: 3 2 0.748171 -0.0420023 0.00400579 -0.0238848 -0.000154161 0.00297868 -0.00407108 0.0282479 -0.000306631 5.72545e-05 
  err: 3 0 0.00543429 
/ATLAS_2013_I1243871/d01-x01-y02#4 1.60000e-01 2.00000e-01
  val: 3 2 0.836045 -0.0358613 -0.00439239 -0.0152334 0.000206404 0.00470034 0.00312693 0.0236507 0.000165097 -0.00265066 
  err: 3 0 0.00410032 
/ATLAS_2013_I1243871/d01-x01-y02#5 2.00000e-01 2.40000e-01
  val: 3 2 0.893474 -0.0230273 -0.00253237 -0.00879108 -0.00253172 0.00174083 0.00182309 0.0157192 0.00158665 -0.00250146 
  err: 3 0 0.00295221 
/ATLAS_2013_I1243871/d01-x01-y02#6 2.40000e-01 2.80000e-01
  val: 3 2 0.935823 -0.019333 -0.00443183 -0.00662459 -0.00112261 0.00279671 0.00251998 0.0125656 0.00314126 -0.00237338 
  err: 3 0 0.00201142 
/ATLAS_2013_I1243871/d01-x01-y02#7 2.80000e-01 3.20000e-01
  val: 3 2 0.965904 -0.0133333 -0.0013165 -0.0051215 0.000746839 0.000434166 0.000793176 0.00840473 0.00252031 -0.000454685 
  err: 3 0 0.00130319 
/ATLAS_2013_I1243871/d01-x01-y02#8 3.20000e-01 3.60000e-01
  val: 3 2 0.98755 -0.00597205 0.000300064 8.36501e-05 0.000759149 0.000693685 0.000131988 0.00234828 0.000284783 -0.00131102 
  err: 3 0 0.000624136 
/ATLAS_2013_I1243871/d01-x01-y02#9 3.60000e-01 4.00000e-01
  val: 3 2 1 4.44089e-16 6.38378e-16 -7.21645e-16 -2.498e-16 -6.73073e-16 -4.78784e-16 -7.91034e-16 2.39392e-16 9.15934e-16 
  err: 3 0 0 
/ATLAS_2013_I1243871/d01-x02-y01#0 0.00000e+00 4.00000e-02
  val: 3 2 8.2767 -5.13699 -0.817771 -0.808567 2.16531 0.231883 -0.108201 0.962595 0.46043 -0.479368 
  err: 3 0 0.193768 
/ATLAS_2013_I1243871/d01-x02-y01#1 4.00000e-02 8.00000e-02
  val: 3 2 6.37267 0.0226662 0.189263 0.424571 0.0109421 -0.400013 0.202915 -0.00676944 -0.347034 -0.314738 
  err: 3 0 0.165791 
/ATLAS_2013_I1243871/d01-x02-y01#2 8.00000e-02 1.20000e-01
  val: 3 2 3.51182 1.42696 0.49946 0.134473 -0.732202 0.103111 -0.261636 -0.242146 -0.188035 0.191784 
  err: 3 0 0.116353 
/ATLAS_2013_I1243871/d01-x02-y01#3 1.20000e-01 1.60000e-01
  val: 3 2 2.16403 0.84599 0.0281819 0.209827 -0.297953 0.0319148 0.138979 -0.0236515 -0.0489739 -0.0125574 
  err: 3 0 0.0873683 
/ATLAS_2013_I1243871/d01-x02-y01#4 1.60000e-01 2.00000e-01
  val: 3 2 1.47285 0.900245 -0.104444 -0.0839186 -0.381326 0.072923 0.0954777 -0.294155 0.126317 0.247181 
  err: 3 0 0.0712637 
/ATLAS_2013_I1243871/d01-x02-y01#5 2.00000e-01 2.40000e-01
  val: 3 2 0.978659 0.627526 0.0497503 0.156545 -0.268181 -0.0260683 0.037567 -0.109968 -0.0164506 0.0133761 
  err: 3 0 0.0544468 
/ATLAS_2013_I1243871/d01-x02-y01#6 2.40000e-01 2.80000e-01
  val: 3 2 0.788916 0.417995 0.0620269 0.0146187 -0.157206 0.0119242 -0.0445375 -0.114244 0.0224367 0.121812 
  err: 3 0 0.0435774 
/ATLAS_2013_I1243871/d01-x02-y01#7 2.80000e-01 3.20000e-01
  val: 3 2 0.611111 0.395936 0.0459184 -0.0100101 -0.163459 -0.0246425 0.0177421 -0.0560595 -0.0407733 0.115412 
  err: 3 0 0.0358215 
/ATLAS_2013_I1243871/d01-x02-y01#8 3.20000e-01 3.60000e-01
  val: 3 2 0.522843 0.260148 0.0730463 -0.0211754 -0.0842955 0.0173144 -0.0772872 -0.0677988 0.00351318 0.0752638 
  err: 3 0 0.0275498 
/ATLAS_2013_I1243871/d01-x02-y01#9 3.60000e-01 4.00000e-01
  val: 3 2 0.300401 0.239528 -0.0254326 -0.0163573 -0.0916272 -0.0183476 -0.00101813 -0.0478026 0.0285717 0.0418285 
  err: 3 0 0.0177804 
/ATLAS_2013_I1243871/d01-x02-y02#0 0.00000e+00 4.00000e-02
  val: 3 2 0.331068 -0.20548 -0.0327109 -0.0323426 0.0866123 0.0092754 -0.00432807 0.0385038 0.0184173 -0.0191748 
  err: 3 0 0.00775071 
/ATLAS_2013_I1243871/d01-x02-y02#1 4.00000e-02 8.00000e-02
  val: 3 2 0.585975 -0.204573 -0.0251404 -0.0153596 0.0870498 -0.00672515 0.00378857 0.0382329 0.00453574 -0.0317644 
  err: 3 0 0.00834359 
/ATLAS_2013_I1243871/d01-x02-y02#2 8.00000e-02 1.20000e-01
  val: 3 2 0.726448 -0.147495 -0.00516176 -0.009981 0.0577619 -0.00260083 -0.00667698 0.0285473 -0.00298556 -0.0240929 
  err: 3 0 0.00705253 
/ATLAS_2013_I1243871/d01-x02-y02#3 1.20000e-01 1.60000e-01
  val: 3 2 0.813009 -0.113655 -0.00403478 -0.00158789 0.0458437 -0.00132426 -0.00111749 0.0276011 -0.00494458 -0.0245952 
  err: 3 0 0.00556591 
/ATLAS_2013_I1243871/d01-x02-y02#4 1.60000e-01 2.00000e-01
  val: 3 2 0.871923 -0.0776455 -0.00821244 -0.00494466 0.0305908 0.00159274 0.0027015 0.015835 0.000107998 -0.0147078 
  err: 3 0 0.00418942 
/ATLAS_2013_I1243871/d01-x02-y02#5 2.00000e-01 2.40000e-01
  val: 3 2 0.911069 -0.0525443 -0.00622261 0.00131732 0.0198636 0.000549977 0.00420433 0.0114361 -0.000549937 -0.0141729 
  err: 3 0 0.00311809 
/ATLAS_2013_I1243871/d01-x02-y02#6 2.40000e-01 2.80000e-01
  val: 3 2 0.942626 -0.0358245 -0.00374146 0.00190194 0.0135753 0.00102697 0.0024227 0.00686629 0.000347571 -0.00930032 
  err: 3 0 0.00215799 
/ATLAS_2013_I1243871/d01-x02-y02#7 2.80000e-01 3.20000e-01
  val: 3 2 0.96707 -0.0199871 -0.00190458 0.00150151 0.00703697 4.12013e-05 0.00313229 0.00462404 -0.00128331 -0.00468393 
  err: 3 0 0.0013639 
/ATLAS_2013_I1243871/d01-x02-y02#8 3.20000e-01 3.60000e-01
  val: 3 2 0.987984 -0.0095811 0.00101731 0.000654401 0.00366511 0.000733771 4.08478e-05 0.00191212 -0.00114288 -0.00167331 
  err: 3 0 0.0007112 
/ATLAS_2013_I1243871/d01-x02-y02#9 3.60000e-01 4.00000e-01
  val: 3 2 1 4.44089e-16 6.38378e-16 -7.21645e-16 -2.498e-16 -6.73073e-16 -4.78784e-16 -7.91034e-16 2.39392e-16 9.15934e-16 
  err: 3 0 0 
/ATLAS_2013_I1243871/d02-x01-y01#0 0.00000e+00 4.00000e-02
  val: 3 2 4.78211 -0.826781 -0.360038 0.350466 0.165857 0.432628 0.0786267 0.257289 0.274945 -0.729555 
  err: 3 0 0.166736 
/ATLAS_2013_I1243871/d02-x01-y01#1 4.00000e-02 8.00000e-02
  val: 3 2 7.00339 -0.466442 0.321158 -0.0742293 0.172077 -0.134216 -0.052932 0.318793 -0.276212 -0.105456 
  err: 3 0 0.157456 
/ATLAS_2013_I1243871/d02-x01-y01#2 8.00000e-02 1.20000e-01
  val: 3 2 5.09354 -0.00186479 0.166348 -0.364465 -0.062976 -0.28171 -0.0432573 0.161611 -0.0622872 0.289942 
  err: 3 0 0.129635 
/ATLAS_2013_I1243871/d02-x01-y01#3 1.20000e-01 1.60000e-01
  val: 3 2 2.99481 0.327203 -0.0578468 -0.00538025 -0.089885 -0.0416083 0.0367871 -0.240384 0.0213682 0.20593 
  err: 3 0 0.096082 
/ATLAS_2013_I1243871/d02-x01-y01#4 1.60000e-01 2.00000e-01
  val: 3 2 1.8039 0.137801 0.114783 0.0874956 0.0261966 0.0112273 -0.135501 -0.149188 0.0581765 8.59533e-05 
  err: 3 0 0.0664488 
/ATLAS_2013_I1243871/d02-x01-y01#5 2.00000e-01 2.40000e-01
  val: 3 2 1.20835 0.172139 -0.127122 -0.0505577 -0.0303764 0.0404703 0.0444844 -0.0972684 0.0696695 0.106737 
  err: 3 0 0.0505684 
/ATLAS_2013_I1243871/d02-x01-y01#6 2.40000e-01 2.80000e-01
  val: 3 2 0.776358 0.252065 -0.0717076 0.0697065 -0.0612534 -0.0274549 0.0819515 -0.153584 0.0020373 0.0675391 
  err: 3 0 0.0384553 
/ATLAS_2013_I1243871/d02-x01-y01#7 2.80000e-01 3.20000e-01
  val: 3 2 0.623689 0.108771 -0.0139428 -0.0523533 -0.00764179 -0.00816336 0.0142361 -0.0229673 -0.0409606 0.109607 
  err: 3 0 0.0299081 
/ATLAS_2013_I1243871/d02-x01-y01#8 3.20000e-01 3.60000e-01
  val: 3 2 0.453559 0.170374 -0.000724415 0.0228096 -0.0713831 0.00764916 0.0068075 -0.0489392 -0.0213048 0.0379494 
  err: 3 0 0.0244633 
/ATLAS_2013_I1243871/d02-x01-y01#9 3.60000e-01 4.00000e-01
  val: 3 2 0.2603 0.126736 0.0290836 0.0165094 -0.0406147 0.00118176 -0.0311965 -0.0253642 -0.0254306 0.0172202 
  err: 3 0 0.0151839 
/ATLAS_2013_I1243871/d02-x01-y02#0 0.00000e+00 4.00000e-02
  val: 3 2 0.191284 -0.0330713 -0.0144016 0.0140185 0.00663429 0.0173052 0.00314507 0.0102916 0.0109978 -0.0291821 
  err: 3 0 0.00666946 
/ATLAS_2013_I1243871/d02-x01-y02#1 4.00000e-02 8.00000e-02
  val: 3 2 0.47142 -0.0517289 -0.00155513 0.0110494 0.0135173 0.0119364 0.00102773 0.0230433 -5.07162e-05 -0.0334004 
  err: 3 0 0.00779785 
/ATLAS_2013_I1243871/d02-x01-y02#2 8.00000e-02 1.20000e-01
  val: 3 2 0.675161 -0.0518035 0.00509867 -0.00352908 0.0109983 0.000668067 -0.000702496 0.0295076 -0.00254214 -0.0218028 
  err: 3 0 0.0065198 
/ATLAS_2013_I1243871/d02-x01-y02#3 1.20000e-01 1.60000e-01
  val: 3 2 0.794954 -0.0387155 0.00278502 -0.00374436 0.00740292 -0.000996318 0.000768869 0.0198924 -0.00168757 -0.0135655 
  err: 3 0 0.00490809 
/ATLAS_2013_I1243871/d02-x01-y02#4 1.60000e-01 2.00000e-01
  val: 3 2 0.86711 -0.0332034 0.00737631 -0.00024427 0.00845079 -0.000547216 -0.00465113 0.0139248 0.000639578 -0.0135623 
  err: 3 0 0.00377073 
/ATLAS_2013_I1243871/d02-x01-y02#5 2.00000e-01 2.40000e-01
  val: 3 2 0.915444 -0.026318 0.00229129 -0.00226679 0.00723587 0.00107154 -0.00287164 0.0100342 0.00342641 -0.00929271 
  err: 3 0 0.00265154 
/ATLAS_2013_I1243871/d02-x01-y02#6 2.40000e-01 2.80000e-01
  val: 3 2 0.946498 -0.0162351 -0.00057694 0.000521528 0.0047855 -2.65457e-05 0.00040623 0.00389069 0.00350788 -0.00659114 
  err: 3 0 0.00183869 
/ATLAS_2013_I1243871/d02-x01-y02#7 2.80000e-01 3.20000e-01
  val: 3 2 0.971446 -0.0118843 -0.00113466 -0.00157288 0.00447973 -0.000353115 0.000975715 0.00297214 0.0018695 -0.00220672 
  err: 3 0 0.00120213 
/ATLAS_2013_I1243871/d02-x01-y02#8 3.20000e-01 3.60000e-01
  val: 3 2 0.989588 -0.00506941 -0.0011636 -0.00066024 0.00162457 -4.71425e-05 0.00124797 0.0010145 0.00101728 -0.000688911 
  err: 3 0 0.000607387 
/ATLAS_2013_I1243871/d02-x01-y02#9 3.60000e-01 4.00000e-01
  val: 3 2 1 4.44089e-16 6.38378e-16 -7.21645e-16 -2.498e-16 -6.73073e-16 -4.78784e-16 -7.91034e-16 2.39392e-16 9.15934e-16 
  err: 3 0 0 
/ATLAS_2013_I1243871/d02-x02-y01#0 0.00000e+00 4.00000e-02
  val: 3 2 9.29654 -5.46885 -0.356515 0.291363 2.92655 -0.280152 -0.0159959 0.493947 0.224117 -1.34499 
  err: 3 0 0.240015 
/ATLAS_2013_I1243871/d02-x02-y01#1 4.00000e-02 8.00000e-02
  val: 3 2 6.60658 0.814249 0.283949 -0.318463 -0.4896 -0.0572458 -0.188084 0.113262 0.068315 0.0735574 
  err: 3 0 0.183127 
/ATLAS_2013_I1243871/d02-x02-y01#2 8.00000e-02 1.20000e-01
  val: 3 2 3.27363 1.4982 0.0387791 -0.170372 -0.813787 -0.0785856 0.212219 0.0189845 -0.275833 0.602839 
  err: 3 0 0.136222 
/ATLAS_2013_I1243871/d02-x02-y01#3 1.20000e-01 1.60000e-01
  val: 3 2 1.86094 1.13563 0.100832 -0.116051 -0.627267 0.173923 -0.0917854 -0.223911 -0.0151359 0.418515 
  err: 3 0 0.098779 
/ATLAS_2013_I1243871/d02-x02-y01#4 1.60000e-01 2.00000e-01
  val: 3 2 1.1758 0.77359 0.0174052 0.170196 -0.39946 0.0207389 0.010778 -0.10747 0.0311344 -0.00358599 
  err: 3 0 0.0738682 
/ATLAS_2013_I1243871/d02-x02-y01#5 2.00000e-01 2.40000e-01
  val: 3 2 0.850386 0.39764 -0.023412 0.164559 -0.182775 0.0991362 0.024996 -0.118204 0.00582085 -0.0190444 
  err: 3 0 0.0501084 
/ATLAS_2013_I1243871/d02-x02-y01#6 2.40000e-01 2.80000e-01
  val: 3 2 0.706666 0.312203 -0.0535699 -0.0894683 -0.175705 0.0661213 0.0320781 -0.0592921 -0.00385718 0.170045 
  err: 3 0 0.0357845 
/ATLAS_2013_I1243871/d02-x02-y01#7 2.80000e-01 3.20000e-01
  val: 3 2 0.51044 0.214174 0.010448 0.108294 -0.114185 0.0355232 0.0353942 -0.0519482 -0.057216 0.000710914 
  err: 3 0 0.0322624 
/ATLAS_2013_I1243871/d02-x02-y01#8 3.20000e-01 3.60000e-01
  val: 3 2 0.441255 0.191658 -0.0148371 1.92732e-05 -0.057733 0.000707322 -0.0046921 -0.0564028 0.0363927 0.0371446 
  err: 3 0 0.0272926 
/ATLAS_2013_I1243871/d02-x02-y01#9 3.60000e-01 4.00000e-01
  val: 3 2 0.277768 0.131496 -0.00307913 -0.0400823 -0.0660294 0.0198357 -0.0149083 -0.00896083 -0.0137432 0.0648144 
  err: 3 0 0.0182106 
/ATLAS_2013_I1243871/d02-x02-y02#0 0.00000e+00 4.00000e-02
  val: 3 2 0.371862 -0.218754 -0.0142605 0.0116546 0.117062 -0.0112061 -0.000639902 0.0197578 0.00896473 -0.0537997 
  err: 3 0 0.0096006 
/ATLAS_2013_I1243871/d02-x02-y02#1 4.00000e-02 8.00000e-02
  val: 3 2 0.636125 -0.186184 -0.00290266 -0.00108385 0.0974777 -0.013496 -0.00816312 0.0242882 0.0116973 -0.0508574 
  err: 3 0 0.00968204 
/ATLAS_2013_I1243871/d02-x02-y02#2 8.00000e-02 1.20000e-01
  val: 3 2 0.76707 -0.126256 -0.0013516 -0.00789902 0.0649264 -0.0166393 0.000325624 0.0250477 0.000664186 -0.0267438 
  err: 3 0 0.00785745 
/ATLAS_2013_I1243871/d02-x02-y02#3 1.20000e-01 1.60000e-01
  val: 3 2 0.841508 -0.0808308 0.0026817 -0.0125411 0.0398358 -0.00968239 -0.00334577 0.0160912 5.85879e-05 -0.0100029 
  err: 3 0 0.00572148 
/ATLAS_2013_I1243871/d02-x02-y02#4 1.60000e-01 2.00000e-01
  val: 3 2 0.888539 -0.049887 0.00337798 -0.0057329 0.0238572 -0.00885287 -0.00291465 0.0117924 0.00130397 -0.0101467 
  err: 3 0 0.00399158 
/ATLAS_2013_I1243871/d02-x02-y02#5 2.00000e-01 2.40000e-01
  val: 3 2 0.922555 -0.0339813 0.00244171 0.000849276 0.0165462 -0.00488762 -0.00191491 0.00706427 0.0015367 -0.0109083 
  err: 3 0 0.00270933 
/ATLAS_2013_I1243871/d02-x02-y02#6 2.40000e-01 2.80000e-01
  val: 3 2 0.950821 -0.0214933 0.000298903 -0.00272934 0.00951811 -0.0022426 -0.000631809 0.00469248 0.00138236 -0.00410651 
  err: 3 0 0.00205486 
/ATLAS_2013_I1243871/d02-x02-y02#7 2.80000e-01 3.20000e-01
  val: 3 2 0.971239 -0.0129266 0.000716507 0.0016023 0.00495085 -0.000821528 0.000784087 0.0026146 -0.000906041 -0.00407807 
  err: 3 0 0.00140589 
/ATLAS_2013_I1243871/d02-x02-y02#8 3.20000e-01 3.60000e-01
  val: 3 2 0.988889 -0.00526016 0.000123267 0.00160336 0.00264148 -0.000793346 0.000596196 0.000358508 0.000549673 -0.00259257 
  err: 3 0 0.000728481 
/ATLAS_2013_I1243871/d02-x02-y02#9 3.60000e-01 4.00000e-01
  val: 3 2 1 4.44089e-16 6.38378e-16 -7.21645e-16 -2.498e-16 -6.73073e-16 -4.78784e-16 -7.91034e-16 2.39392e-16 9.15934e-16 
  err: 3 0 0 
/ATLAS_2013_I1243871/d03-x01-y01#0 0.00000e+00 4.00000e-02
  val: 3 2 6.21524 -0.526228 0.0933226 -0.479509 -0.0486158 -0.0759864 -0.00389343 0.449653 0.0317133 -0.137813 
  err: 3 0 0.127473 
/ATLAS_2013_I1243871/d03-x01-y01#1 4.00000e-02 8.00000e-02
  val: 3 2 7.68019 -0.33107 0.128083 0.203776 0.103834 0.0228585 -0.0346773 -0.0130829 -0.093162 -0.182832 
  err: 3 0 0.11546 
/ATLAS_2013_I1243871/d03-x01-y01#2 8.00000e-02 1.20000e-01
  val: 3 2 4.60737 0.00238678 0.051583 -0.038103 0.0412737 -0.0112155 -0.103952 0.0342639 -0.0441081 0.138806 
  err: 3 0 0.0862325 
/ATLAS_2013_I1243871/d03-x01-y01#3 1.20000e-01 1.60000e-01
  val: 3 2 2.48422 0.176257 -0.0912558 0.0856954 -0.042048 0.0549969 0.00452406 -0.144608 0.0646338 0.039252 
  err: 3 0 0.0570839 
/ATLAS_2013_I1243871/d03-x01-y01#4 1.60000e-01 2.00000e-01
  val: 3 2 1.39021 0.166568 0.000865645 0.106289 0.0107031 -0.0509817 0.0230569 -0.0730775 0.0155054 -0.0158133 
  err: 3 0 0.0421059 
/ATLAS_2013_I1243871/d03-x01-y01#5 2.00000e-01 2.40000e-01
  val: 3 2 0.963566 0.0557491 -0.091281 -0.0322105 0.0268911 0.0481279 0.0131595 -0.0542161 0.074607 0.0657211 
  err: 3 0 0.0299133 
/ATLAS_2013_I1243871/d03-x01-y01#6 2.40000e-01 2.80000e-01
  val: 3 2 0.62233 0.139129 -0.0462133 0.0635648 -0.035716 0.000751186 0.0487454 -0.0630653 -0.0249172 0.0287484 
  err: 3 0 0.0241205 
/ATLAS_2013_I1243871/d03-x01-y01#7 2.80000e-01 3.20000e-01
  val: 3 2 0.44809 0.112126 -0.0167176 0.0500142 0.00150695 0.00775669 0.029953 -0.0663671 -0.0273026 0.0349797 
  err: 3 0 0.0191382 
/ATLAS_2013_I1243871/d03-x01-y01#8 3.20000e-01 3.60000e-01
  val: 3 2 0.368052 0.103633 -0.00948602 0.0227814 -0.0292138 0.001679 0.00846558 -0.0277256 0.00189983 0.0144973 
  err: 3 0 0.0154013 
/ATLAS_2013_I1243871/d03-x01-y01#9 3.60000e-01 4.00000e-01
  val: 3 2 0.220738 0.10145 -0.018893 0.0177021 -0.0286184 0.00201301 0.0146133 -0.0417718 0.00113029 0.0144525 
  err: 3 0 0.00976302 
/ATLAS_2013_I1243871/d03-x01-y02#0 0.00000e+00 4.00000e-02
  val: 3 2 0.24861 -0.0210492 0.00373283 -0.0191803 -0.00194454 -0.00303942 -0.000155668 0.0179861 0.00126852 -0.00551251 
  err: 3 0 0.0050989 
/ATLAS_2013_I1243871/d03-x01-y02#1 4.00000e-02 8.00000e-02
  val: 3 2 0.555817 -0.0342919 0.00885613 -0.0110294 0.00220871 -0.0021251 -0.00154282 0.0174628 -0.00245788 -0.0128257 
  err: 3 0 0.00550988 
/ATLAS_2013_I1243871/d03-x01-y02#2 8.00000e-02 1.20000e-01
  val: 3 2 0.740112 -0.0341966 0.0109194 -0.0125534 0.00385972 -0.00257357 -0.00570094 0.0188334 -0.00422225 -0.00727365 
  err: 3 0 0.00447464 
/ATLAS_2013_I1243871/d03-x01-y02#3 1.20000e-01 1.60000e-01
  val: 3 2 0.839481 -0.0271464 0.00726932 -0.00912578 0.00217793 -0.000373891 -0.00551998 0.013049 -0.00163697 -0.00570326 
  err: 3 0 0.00341747 
/ATLAS_2013_I1243871/d03-x01-y02#4 1.60000e-01 2.00000e-01
  val: 3 2 0.895089 -0.0204836 0.00730379 -0.00487443 0.002606 -0.00241315 -0.00459759 0.0101259 -0.00101666 -0.00633565 
  err: 3 0 0.00245225 
/ATLAS_2013_I1243871/d03-x01-y02#5 2.00000e-01 2.40000e-01
  val: 3 2 0.933632 -0.0182537 0.00365244 -0.00616263 0.00368182 -0.000487833 -0.00407114 0.00795719 0.00196761 -0.00370692 
  err: 3 0 0.00178533 
/ATLAS_2013_I1243871/d03-x01-y02#6 2.40000e-01 2.80000e-01
  val: 3 2 0.958525 -0.0126886 0.00180395 -0.00361975 0.00225305 -0.000457629 -0.00212142 0.00543463 0.000970861 -0.00255733 
  err: 3 0 0.00124078 
/ATLAS_2013_I1243871/d03-x01-y02#7 2.80000e-01 3.20000e-01
  val: 3 2 0.976449 -0.00820373 0.00113514 -0.00161898 0.00231342 -0.000147435 -0.000923215 0.0027801 -0.000121261 -0.00115841 
  err: 3 0 0.000793926 
/ATLAS_2013_I1243871/d03-x01-y02#8 3.20000e-01 3.60000e-01
  val: 3 2 0.991171 -0.00405845 0.000756108 -0.000708071 0.00114498 -8.05876e-05 -0.000584893 0.00167126 -4.52754e-05 -0.000578307 
  err: 3 0 0.000390526 
/ATLAS_2013_I1243871/d03-x01-y02#9 3.60000e-01 4.00000e-01
  val: 3 2 1 4.44089e-16 6.38378e-16 -7.21645e-16 -2.498e-16 -6.73073e-16 -4.78784e-16 -7.91034e-16 2.39392e-16 9.15934e-16 
  err: 3 0 0 
/ATLAS_2013_I1243871/d03-x02-y01#0 0.00000e+00 4.00000e-02
  val: 3 2 11.1977 -4.47806 -0.590328 -1.25452 1.54122 0.313342 0.0460067 0.946656 0.147241 -0.382306 
  err: 3 0 0.227961 
/ATLAS_2013_I1243871/d03-x02-y01#1 4.00000e-02 8.00000e-02
  val: 3 2 6.0233 1.82377 0.398113 -0.0164235 -0.825009 -0.265936 -0.0554218 -0.24604 -0.311848 0.549522 
  err: 3 0 0.169452 
/ATLAS_2013_I1243871/d03-x02-y01#2 8.00000e-02 1.20000e-01
  val: 3 2 2.85211 1.02089 0.211323 0.250775 -0.276407 -0.0146684 -0.0162282 -0.300005 -0.141799 0.182712 
  err: 3 0 0.108999 
/ATLAS_2013_I1243871/d03-x02-y01#3 1.20000e-01 1.60000e-01
  val: 3 2 1.61968 0.552059 -0.11258 0.302891 -0.127613 0.0247525 0.0770268 -0.171535 0.181829 -0.0788639 
  err: 3 0 0.0807663 
/ATLAS_2013_I1243871/d03-x02-y01#4 1.60000e-01 2.00000e-01
  val: 3 2 0.994143 0.338697 -0.00651672 0.409558 -0.0373227 -0.0187957 0.0161328 -0.180842 0.0306558 -0.159434 
  err: 3 0 0.0645393 
/ATLAS_2013_I1243871/d03-x02-y01#5 2.00000e-01 2.40000e-01
  val: 3 2 0.758396 0.250055 0.0068719 0.104785 -0.091996 -0.0110427 -0.00296206 -0.079462 0.0264586 -0.00547883 
  err: 3 0 0.0501981 
/ATLAS_2013_I1243871/d03-x02-y01#6 2.40000e-01 2.80000e-01
  val: 3 2 0.546071 0.12313 0.00798368 0.145943 -0.0294148 0.00525891 -0.00418904 0.0120564 0.0303928 -0.103829 
  err: 3 0 0.0350486 
/ATLAS_2013_I1243871/d03-x02-y01#7 2.80000e-01 3.20000e-01
  val: 3 2 0.425581 0.139901 0.0498113 0.0676559 -0.0459127 -0.00998708 -0.0325675 -0.00552572 0.0221806 -0.0370021 
  err: 3 0 0.0269695 
/ATLAS_2013_I1243871/d03-x02-y01#8 3.20000e-01 3.60000e-01
  val: 3 2 0.345229 0.119274 0.0404732 -0.00325692 -0.0451661 -0.0137802 -0.0175591 0.00835159 -0.00667252 0.0329125 
  err: 3 0 0.022368 
/ATLAS_2013_I1243871/d03-x02-y01#9 3.60000e-01 4.00000e-01
  val: 3 2 0.2378 0.110292 -0.00515039 -0.00740524 -0.0623811 -0.00914005 -0.0102415 0.0163444 0.0215635 0.0017714 
  err: 3 0 0.0155647 
/ATLAS_2013_I1243871/d03-x02-y02#0 0.00000e+00 4.00000e-02
  val: 3 2 0.447907 -0.179123 -0.0236132 -0.0501811 0.061649 0.0125337 0.0018403 0.0378663 0.00588971 -0.0152922 
  err: 3 0 0.00911845 
/ATLAS_2013_I1243871/d03-x02-y02#1 4.00000e-02 8.00000e-02
  val: 3 2 0.68884 -0.106172 -0.00768865 -0.050838 0.0286487 0.00189635 -0.000376632 0.0280248 -0.00658421 0.00668862 
  err: 3 0 0.00874484 
/ATLAS_2013_I1243871/d03-x02-y02#2 8.00000e-02 1.20000e-01
  val: 3 2 0.802924 -0.0653365 0.000764306 -0.0408069 0.0175923 0.00130952 -0.00102577 0.0160246 -0.0122562 0.013997 
  err: 3 0 0.00708819 
/ATLAS_2013_I1243871/d03-x02-y02#3 1.20000e-01 1.60000e-01
  val: 3 2 0.867711 -0.0432541 -0.00373903 -0.0286913 0.0124878 0.00229953 0.0020555 0.00916317 -0.00498312 0.0108425 
  err: 3 0 0.00531182 
/ATLAS_2013_I1243871/d03-x02-y02#4 1.60000e-01 2.00000e-01
  val: 3 2 0.907477 -0.0297064 -0.00399943 -0.0123088 0.010995 0.00154776 0.00270058 0.00192951 -0.00375688 0.00446499 
  err: 3 0 0.00382938 
/ATLAS_2013_I1243871/d03-x02-y02#5 2.00000e-01 2.40000e-01
  val: 3 2 0.937813 -0.019704 -0.00372479 -0.00811756 0.00731494 0.00110616 0.00258229 -0.00124898 -0.00269861 0.00424603 
  err: 3 0 0.0025809 
/ATLAS_2013_I1243871/d03-x02-y02#6 2.40000e-01 2.80000e-01
  val: 3 2 0.959656 -0.0147788 -0.0034053 -0.00227992 0.00613837 0.00131641 0.00241455 -0.000766564 -0.00148274 9.27568e-05 
  err: 3 0 0.00179532 
/ATLAS_2013_I1243871/d03-x02-y02#7 2.80000e-01 3.20000e-01
  val: 3 2 0.976679 -0.00918305 -0.00141282 0.000426385 0.00430218 0.000916928 0.00111183 -0.000987713 -0.000595578 -0.00138725 
  err: 3 0 0.00115604 
/ATLAS_2013_I1243871/d03-x02-y02#8 3.20000e-01 3.60000e-01
  val: 3 2 0.990488 -0.00441149 0.000206096 0.000296036 0.00249503 0.000365703 0.000409492 -0.000653764 -0.000862449 -7.07291e-05 
  err: 3 0 0.000622361 
/ATLAS_2013_I1243871/d03-x02-y02#9 3.60000e-01 4.00000e-01
  val: 3 2 1 4.44089e-16 6.38378e-16 -7.21645e-16 -2.498e-16 -6.73073e-16 -4.78784e-16 -7.91034e-16 2.39392e-16 9.15934e-16 
  err: 3 0 0 
/ATLAS_2013_I1243871/d04-x01-y01#0 0.00000e+00 4.00000e-02
  val: 3 2 8.31045 -0.923434 -0.133264 -0.468858 0.229123 -0.080536 0.193974 0.750215 0.030477 -0.168634 
  err: 3 0 0.142767 
/ATLAS_2013_I1243871/d04-x01-y01#1 4.00000e-02 8.00000e-02
  val: 3 2 8.01969 -0.267739 -0.157499 -0.166955 0.179852 0.122267 0.0349381 -0.0598069 0.0417533 0.100133 
  err: 3 0 0.112126 
/ATLAS_2013_I1243871/d04-x01-y01#2 8.00000e-02 1.20000e-01
  val: 3 2 3.72277 0.173595 0.0042178 0.152304 -0.0216388 0.022916 -0.00940679 -0.147193 -0.0656657 0.0296161 
  err: 3 0 0.0752111 
/ATLAS_2013_I1243871/d04-x01-y01#3 1.20000e-01 1.60000e-01
  val: 3 2 1.83942 0.28835 0.0696601 0.153292 -0.0960815 0.0131187 -0.0700374 -0.263226 -0.00322748 0.0605083 
  err: 3 0 0.0548222 
/ATLAS_2013_I1243871/d04-x01-y01#4 1.60000e-01 2.00000e-01
  val: 3 2 1.08277 0.194562 0.0870853 0.092397 -0.101549 -0.0206779 -0.0503227 -0.07713 -0.0327612 0.0120325 
  err: 3 0 0.0384055 
/ATLAS_2013_I1243871/d04-x01-y01#5 2.00000e-01 2.40000e-01
  val: 3 2 0.701756 0.155354 0.00246474 0.113394 -0.0598533 -0.0400113 0.0179505 -0.0482952 0.00208262 -0.0320452 
  err: 3 0 0.031332 
/ATLAS_2013_I1243871/d04-x01-y01#6 2.40000e-01 2.80000e-01
  val: 3 2 0.50037 0.139475 0.057954 0.0534067 -0.0696538 -0.0151099 -0.0488993 -0.0593361 0.0229831 -0.014677 
  err: 3 0 0.0210229 
/ATLAS_2013_I1243871/d04-x01-y01#7 2.80000e-01 3.20000e-01
  val: 3 2 0.362381 0.0798349 0.043657 0.0232664 -0.0106842 0.00307354 -0.0425381 -0.0568747 -0.00854035 0.0325423 
  err: 3 0 0.0150615 
/ATLAS_2013_I1243871/d04-x01-y01#8 3.20000e-01 3.60000e-01
  val: 3 2 0.284421 0.0728034 0.0167932 0.0191031 -0.0187723 -0.0107703 -0.00783826 -0.00582275 0.00566691 -0.00984381 
  err: 3 0 0.0126192 
/ATLAS_2013_I1243871/d04-x01-y01#9 3.60000e-01 4.00000e-01
  val: 3 2 0.175973 0.0872032 0.00893174 0.0286456 -0.0307439 0.00572885 -0.0178182 -0.032535 0.00723036 -0.00962389 
  err: 3 0 0.00867059 
/ATLAS_2013_I1243871/d04-x01-y02#0 0.00000e+00 4.00000e-02
  val: 3 2 0.332418 -0.0369374 -0.0053305 -0.0187543 0.00916502 -0.00322144 0.00775887 0.0300085 0.00121917 -0.00674538 
  err: 3 0 0.00571069 
/ATLAS_2013_I1243871/d04-x01-y02#1 4.00000e-02 8.00000e-02
  val: 3 2 0.653206 -0.0476469 -0.0116305 -0.0254327 0.016359 0.00166915 0.00915646 0.0276163 0.00288928 -0.00273995 
  err: 3 0 0.00585568 
/ATLAS_2013_I1243871/d04-x01-y02#2 8.00000e-02 1.20000e-01
  val: 3 2 0.802117 -0.040703 -0.011462 -0.0193405 0.0154934 0.00258571 0.0087804 0.0217285 0.000262783 -0.00155536 
  err: 3 0 0.00462064 
/ATLAS_2013_I1243871/d04-x01-y02#3 1.20000e-01 1.60000e-01
  val: 3 2 0.875693 -0.0291689 -0.00867515 -0.0132086 0.01165 0.00311053 0.00597853 0.0111995 0.000133444 0.000864887 
  err: 3 0 0.00325955 
/ATLAS_2013_I1243871/d04-x01-y02#4 1.60000e-01 2.00000e-01
  val: 3 2 0.919004 -0.0213865 -0.00519188 -0.00951297 0.00758805 0.0022835 0.00396565 0.00811458 -0.00117695 0.00134617 
  err: 3 0 0.0022651 
/ATLAS_2013_I1243871/d04-x01-y02#5 2.00000e-01 2.40000e-01
  val: 3 2 0.947074 -0.0151724 -0.00509383 -0.00497726 0.00519391 0.00068319 0.00468412 0.00618254 -0.00109352 6.45696e-05 
  err: 3 0 0.00149449 
/ATLAS_2013_I1243871/d04-x01-y02#6 2.40000e-01 2.80000e-01
  val: 3 2 0.967089 -0.00959339 -0.00277532 -0.00284113 0.0024079 7.86125e-05 0.0027278 0.00380902 -0.000174165 -0.000522294 
  err: 3 0 0.00099791 
/ATLAS_2013_I1243871/d04-x01-y02#7 2.80000e-01 3.20000e-01
  val: 3 2 0.981584 -0.00639999 -0.00102915 -0.00191042 0.00198043 0.000201754 0.00102637 0.00153416 -0.000515881 0.000779263 
  err: 3 0 0.000661235 
/ATLAS_2013_I1243871/d04-x01-y02#8 3.20000e-01 3.60000e-01
  val: 3 2 0.992961 -0.00348792 -0.000357327 -0.0011461 0.00122963 -0.00022909 0.000712766 0.00130108 -0.000289207 0.000385408 
  err: 3 0 0.000346692 
/ATLAS_2013_I1243871/d04-x01-y02#9 3.60000e-01 4.00000e-01
  val: 3 2 1 4.44089e-16 6.38378e-16 -7.21645e-16 -2.498e-16 -6.73073e-16 -4.78784e-16 -7.91034e-16 2.39392e-16 9.15934e-16 
  err: 3 0 0 
/ATLAS_2013_I1243871/d04-x02-y01#0 0.00000e+00 4.00000e-02
  val: 3 2 12.2985 -3.31805 0.680513 -0.392137 1.15312 -0.0605797 -0.73836 0.852636 -0.115087 -1.06882 
  err: 3 0 0.264903 
/ATLAS_2013_I1243871/d04-x02-y01#1 4.00000e-02 8.00000e-02
  val: 3 2 5.92667 1.65128 -0.568281 -0.170445 -0.808383 0.271835 0.327686 -0.269777 0.166393 0.511113 
  err: 3 0 0.17765 
/ATLAS_2013_I1243871/d04-x02-y01#2 8.00000e-02 1.20000e-01
  val: 3 2 2.51223 1.00278 -0.101486 0.191734 -0.379537 -0.129146 0.225515 -0.284799 0.0689818 0.172054 
  err: 3 0 0.123796 
/ATLAS_2013_I1243871/d04-x02-y01#3 1.20000e-01 1.60000e-01
  val: 3 2 1.4346 0.231397 -0.0779529 0.08545 -0.00802895 0.0101142 0.157519 -0.0705041 -0.073941 0.161168 
  err: 3 0 0.0794407 
/ATLAS_2013_I1243871/d04-x02-y01#4 1.60000e-01 2.00000e-01
  val: 3 2 0.944895 0.0154649 0.078327 -0.000651549 0.113414 -0.0346608 -0.0559946 -0.0438636 -0.0432277 0.163496 
  err: 3 0 0.062393 
/ATLAS_2013_I1243871/d04-x02-y01#5 2.00000e-01 2.40000e-01
  val: 3 2 0.628808 0.0998872 0.0377715 0.0513658 0.00427528 -0.0254196 0.00851145 -0.0499315 -0.0502118 0.0805413 
  err: 3 0 0.0472012 
/ATLAS_2013_I1243871/d04-x02-y01#6 2.40000e-01 2.80000e-01
  val: 3 2 0.461617 0.0624665 0.0425972 0.0424666 -0.000563071 -0.0292844 -0.018501 -0.0160568 0.0246931 0.0129 
  err: 3 0 0.0393986 
/ATLAS_2013_I1243871/d04-x02-y01#7 2.80000e-01 3.20000e-01
  val: 3 2 0.343563 0.110022 -0.0688809 0.116555 -0.0400555 -0.0150311 0.0769433 -0.0484958 0.00681005 -0.0418967 
  err: 3 0 0.0223605 
/ATLAS_2013_I1243871/d04-x02-y01#8 3.20000e-01 3.60000e-01
  val: 3 2 0.277383 0.0486286 -0.016272 0.0429078 0.00546321 0.00651941 0.0129453 -0.0369654 0.0156014 0.00460074 
  err: 3 0 0.0204431 
/ATLAS_2013_I1243871/d04-x02-y01#9 3.60000e-01 4.00000e-01
  val: 3 2 0.171779 0.0961237 -0.00633398 0.0327404 -0.0397047 0.00565099 0.00373312 -0.0322391 -1.14205e-05 0.00484986 
  err: 3 0 0.0135287 
/ATLAS_2013_I1243871/d04-x02-y02#0 0.00000e+00 4.00000e-02
  val: 3 2 0.491938 -0.132722 0.0272206 -0.0156852 0.0461249 -0.00242322 -0.0295344 0.0341054 -0.00460355 -0.0427528 
  err: 3 0 0.0105961 
/ATLAS_2013_I1243871/d04-x02-y02#1 4.00000e-02 8.00000e-02
  val: 3 2 0.729005 -0.0666707 0.0044893 -0.0225027 0.0137895 0.00845026 -0.016427 0.0233141 0.00205229 -0.0223086 
  err: 3 0 0.00965884 
/ATLAS_2013_I1243871/d04-x02-y02#2 8.00000e-02 1.20000e-01
  val: 3 2 0.829494 -0.0265597 0.00042978 -0.0148336 -0.00139197 0.00328429 -0.00740636 0.0119222 0.00481179 -0.0154263 
  err: 3 0 0.00714613 
/ATLAS_2013_I1243871/d04-x02-y02#3 1.20000e-01 1.60000e-01
  val: 3 2 0.886878 -0.0173037 -0.00268823 -0.0114156 -0.00171324 0.00368898 -0.00110558 0.00910211 0.00185388 -0.00897957 
  err: 3 0 0.0052874 
/ATLAS_2013_I1243871/d04-x02-y02#4 1.60000e-01 2.00000e-01
  val: 3 2 0.924674 -0.016685 0.000444782 -0.0114415 0.0028234 0.0023024 -0.00334526 0.00734753 0.000124683 -0.00243973 
  err: 3 0 0.00376161 
/ATLAS_2013_I1243871/d04-x02-y02#5 2.00000e-01 2.40000e-01
  val: 3 2 0.949826 -0.0126898 0.00195544 -0.00938714 0.00299462 0.00128572 -0.00300477 0.00535026 -0.00188349 0.000782032 
  err: 3 0 0.00267502 
/ATLAS_2013_I1243871/d04-x02-y02#6 2.40000e-01 2.80000e-01
  val: 3 2 0.968291 -0.0101912 0.00365947 -0.00768871 0.00297203 0.00011437 -0.00374485 0.00470812 -0.000896007 0.00129834 
  err: 3 0 0.00158823 
/ATLAS_2013_I1243871/d04-x02-y02#7 2.80000e-01 3.20000e-01
  val: 3 2 0.982034 -0.00579019 0.000904445 -0.00302619 0.00136973 -0.000486969 -0.000667311 0.00276835 -0.000623502 -0.000377837 
  err: 3 0 0.00104203 
/ATLAS_2013_I1243871/d04-x02-y02#8 3.20000e-01 3.60000e-01
  val: 3 2 0.993129 -0.0038451 0.000253369 -0.00130997 0.00158832 -0.000226023 -0.000149441 0.00128953 6.57153e-07 -0.000193813 
  err: 3 0 0.00054175 
/ATLAS_2013_I1243871/d04-x02-y02#9 3.60000e-01 4.00000e-01
  val: 3 2 1 4.44089e-16 6.38378e-16 -7.21645e-16 -2.498e-16 -6.73073e-16 -4.78784e-16 -7.91034e-16 2.39392e-16 9.15934e-16 
  err: 3 0 0 
/ATLAS_2013_I1243871/d05-x01-y01#0 0.00000e+00 4.00000e-02
  val: 3 2 10.9735 -1.38701 -0.315262 -0.109954 0.492015 -0.163128 0.270023 0.856722 0.304921 -0.78262 
  err: 3 0 0.199251 
/ATLAS_2013_I1243871/d05-x01-y01#1 4.00000e-02 8.00000e-02
  val: 3 2 7.14032 0.0946574 0.398983 -0.296002 0.135064 -0.00467336 -0.342426 -0.170572 -0.10049 0.421244 
  err: 3 0 0.132624 
/ATLAS_2013_I1243871/d05-x01-y01#2 8.00000e-02 1.20000e-01
  val: 3 2 2.90934 0.46817 -0.0880463 -0.081191 -0.247765 0.0835033 0.0230081 -0.231881 -0.0704224 0.278192 
  err: 3 0 0.0865387 
/ATLAS_2013_I1243871/d05-x01-y01#3 1.20000e-01 1.60000e-01
  val: 3 2 1.44036 0.311497 -0.00814396 0.167385 -0.164566 0.0284754 -0.00770267 -0.173891 -0.0591446 0.0331366 
  err: 3 0 0.0592711 
/ATLAS_2013_I1243871/d05-x01-y01#4 1.60000e-01 2.00000e-01
  val: 3 2 0.865588 0.182559 0.0159792 0.0823259 -0.109507 0.0213499 0.0188855 -0.0807453 0.00275331 0.0145395 
  err: 3 0 0.051404 
/ATLAS_2013_I1243871/d05-x01-y01#5 2.00000e-01 2.40000e-01
  val: 3 2 0.601931 0.0357674 0.0510799 0.0629447 0.00640441 0.0378317 -0.0454286 -0.0844807 -0.0163047 0.0434523 
  err: 3 0 0.0391683 
/ATLAS_2013_I1243871/d05-x01-y01#6 2.40000e-01 2.80000e-01
  val: 3 2 0.427779 0.122085 -0.00828019 0.0301407 -0.0801418 0.000972979 0.023339 -0.0352428 -0.0207726 0.0146106 
  err: 3 0 0.0286248 
/ATLAS_2013_I1243871/d05-x01-y01#7 2.80000e-01 3.20000e-01
  val: 3 2 0.280668 0.0510241 0.00403045 0.100101 0.00800446 -0.0137719 0.0220166 -0.0377757 -0.0426417 -0.031703 
  err: 3 0 0.0186234 
/ATLAS_2013_I1243871/d05-x01-y01#8 3.20000e-01 3.60000e-01
  val: 3 2 0.213622 0.0539702 -0.0176996 0.0138539 -0.00377731 -8.61489e-05 0.0176224 -0.0331625 0.00237866 0.0218359 
  err: 3 0 0.0120829 
/ATLAS_2013_I1243871/d05-x01-y01#9 3.60000e-01 4.00000e-01
  val: 3 2 0.146899 0.0672794 -0.0326359 0.0303918 -0.0357321 0.00952469 0.0206589 -0.00897265 -0.000276628 -0.0126847 
  err: 3 0 0.0090653 
/ATLAS_2013_I1243871/d05-x01-y02#0 0.00000e+00 4.00000e-02
  val: 3 2 0.43894 -0.0554802 -0.0126106 -0.00439819 0.0196806 -0.00652517 0.010801 0.034269 0.0121968 -0.0313048 
  err: 3 0 0.00797002 
/ATLAS_2013_I1243871/d05-x01-y02#1 4.00000e-02 8.00000e-02
  val: 3 2 0.724553 -0.0516938 0.00334865 -0.0162382 0.0250832 -0.00671212 -0.00289595 0.027446 0.00817729 -0.014455 
  err: 3 0 0.00769402 
/ATLAS_2013_I1243871/d05-x01-y02#2 8.00000e-02 1.20000e-01
  val: 3 2 0.840926 -0.0329674 -0.000173232 -0.0194859 0.0151727 -0.00337194 -0.00197561 0.0181709 0.00536041 -0.0033274 
  err: 3 0 0.00596142 
/ATLAS_2013_I1243871/d05-x01-y02#3 1.20000e-01 1.60000e-01
  val: 3 2 0.898541 -0.0205073 -0.000498956 -0.0127905 0.00858998 -0.00223297 -0.00228378 0.0112152 0.00299466 -0.00200189 
  err: 3 0 0.00442234 
/ATLAS_2013_I1243871/d05-x01-y02#4 1.60000e-01 2.00000e-01
  val: 3 2 0.933164 -0.0132049 0.000140147 -0.00949736 0.00420967 -0.00137889 -0.00152827 0.00798536 0.00310464 -0.00142034 
  err: 3 0 0.00297074 
/ATLAS_2013_I1243871/d05-x01-y02#5 2.00000e-01 2.40000e-01
  val: 3 2 0.957241 -0.0117742 0.00218334 -0.00697952 0.00446589 0.000134329 -0.00334541 0.00460611 0.00245255 0.000317679 
  err: 3 0 0.00191919 
/ATLAS_2013_I1243871/d05-x01-y02#6 2.40000e-01 2.80000e-01
  val: 3 2 0.974352 -0.00689069 0.00185261 -0.0057741 0.00126007 0.000173166 -0.00241226 0.00319642 0.00162166 0.000902183 
  err: 3 0 0.00114778 
/ATLAS_2013_I1243871/d05-x01-y02#7 2.80000e-01 3.20000e-01
  val: 3 2 0.985579 -0.00484989 0.00201337 -0.00176993 0.00158043 -0.000377662 -0.00153118 0.00168539 -8.40494e-05 -0.000365947 
  err: 3 0 0.00067891 
/ATLAS_2013_I1243871/d05-x01-y02#8 3.20000e-01 3.60000e-01
  val: 3 2 0.994124 -0.0026913 0.00130545 -0.00121553 0.00142953 -0.000381153 -0.00082626 0.000358872 1.10309e-05 0.000507333 
  err: 3 0 0.000362791 
/ATLAS_2013_I1243871/d05-x01-y02#9 3.60000e-01 4.00000e-01
  val: 3 2 1 4.44089e-16 6.38378e-16 -7.21645e-16 -2.498e-16 -6.73073e-16 -4.78784e-16 -7.91034e-16 2.39392e-16 9.15934e-16 
  err: 3 0 0 
/ATLAS_2013_I1243871/d05-x02-y01#0 0.00000e+00 4.00000e-02
  val: 3 2 14.4875 -1.9284 -0.534448 -1.60649 0.365312 0.124915 -0.134238 0.0338233 0.23738 0.377962 
  err: 3 0 0.421655 
/ATLAS_2013_I1243871/d05-x02-y01#1 4.00000e-02 8.00000e-02
  val: 3 2 4.70226 1.7799 -0.00416455 1.72336 -0.793108 -0.212044 0.433197 -0.263855 -0.220977 -0.80659 
  err: 3 0 0.267577 
/ATLAS_2013_I1243871/d05-x02-y01#2 8.00000e-02 1.20000e-01
  val: 3 2 2.27141 0.143099 0.0839027 0.0989404 0.0761905 0.0978882 -0.0352048 0.088375 0.0324939 -0.010224 
  err: 3 0 0.20455 
/ATLAS_2013_I1243871/d05-x02-y01#3 1.20000e-01 1.60000e-01
  val: 3 2 1.16414 -0.328064 0.204265 0.189461 0.383122 0.10859 -0.0933475 0.0344616 -0.103671 0.028829 
  err: 3 0 0.118223 
/ATLAS_2013_I1243871/d05-x02-y01#4 1.60000e-01 2.00000e-01
  val: 3 2 0.776267 0.0453955 0.179853 -0.230661 0.0667647 -0.090723 -0.10154 0.0693309 -0.00697386 0.224675 
  err: 3 0 0.0860731 
/ATLAS_2013_I1243871/d05-x02-y01#5 2.00000e-01 2.40000e-01
  val: 3 2 0.587161 0.0585183 0.0426403 -0.217478 -0.0312845 0.00918681 -0.0257985 0.0530425 -0.0041316 0.181197 
  err: 3 0 0.067426 
/ATLAS_2013_I1243871/d05-x02-y01#6 2.40000e-01 2.80000e-01
  val: 3 2 0.340708 0.0363809 0.0594512 0.0475276 0.0612385 -0.053702 -0.0301182 -0.0130546 0.000261076 -0.00608678 
  err: 3 0 0.0392725 
/ATLAS_2013_I1243871/d05-x02-y01#7 2.80000e-01 3.20000e-01
  val: 3 2 0.304931 0.0594931 -0.0509384 -0.0368494 -0.0426294 0.00767515 0.0133439 0.0115396 0.0693176 0.0111093 
  err: 3 0 0.03162 
/ATLAS_2013_I1243871/d05-x02-y01#8 3.20000e-01 3.60000e-01
  val: 3 2 0.215884 0.0695938 0.017308 0.020029 -0.0589446 -0.00204773 -0.0170337 0.0152468 -0.00738089 -0.00280035 
  err: 3 0 0.0275384 
/ATLAS_2013_I1243871/d05-x02-y01#9 3.60000e-01 4.00000e-01
  val: 3 2 0.149719 0.0640764 0.00213622 0.0121541 -0.0266539 0.0102612 -0.00926501 -0.0289057 0.00368095 0.00193553 
  err: 3 0 0.0171516 
/ATLAS_2014_I1304688/d01-x01-y01#0 -5.00000e-01 5.00000e-01
  val: 3 2 0 0 0 0 0 0 0 0 0 0 
  err: 3 0 0 
/ATLAS_2014_I1304688/d01-x01-y01#1 5.00000e-01 1.50000e+00
  val: 3 2 0 0 0 0 0 0 0 0 0 0 
  err: 3 0 0 
/ATLAS_2014_I1304688/d01-x01-y01#2 1.50000e+00 2.50000e+00
  val: 3 2 0 0 0 0 0 0 0 0 0 0 
  err: 3 0 0 
/ATLAS_2014_I1304688/d01-x01-y01#3 2.50000e+00 3.50000e+00
  val: 3 2 4.36573 0.507325 -0.27057 0.167416 -0.266242 0.152286 0.0848225 -0.32586 0.177045 -0.141511 
  err: 3 0 0.103313 
/ATLAS_2014_I1304688/d01-x01-y01#4 3.50000e+00 4.50000e+00
  val: 3 2 4.10167 -0.194951 0.0435774 0.052261 0.0355633 0.112898 -0.0208617 0.108975 -0.065483 -0.186604 
  err: 3 0 0.137267 
/ATLAS_2014_I1304688/d01-x01-y01#5 4.50000e+00 5.50000e+00
  val: 3 2 1.83497 -0.312957 -0.097119 0.106903 0.184944 -0.0771998 0.123378 0.0903564 -0.0589345 -0.137199 
  err: 3 0 0.0657714 
/ATLAS_2014_I1304688/d01-x01-y01#6 5.50000e+00 6.50000e+00
  val: 3 2 0.522515 -0.125133 0.0130333 0.10267 0.0884381 -0.00657333 -0.0274564 0.00728102 -0.0373736 -0.0183317 
  err: 3 0 0.0274352 
/ATLAS_2014_I1304688/d01-x01-y01#7 6.50000e+00 7.50000e+00
  val: 3 2 0.135019 -0.0183481 -0.00406837 0.000949967 -0.00750958 0.00213815 -0.000111932 0.0162088 -0.00998454 0.0135005 
  err: 3 0 0.0125225 
/ATLAS_2014_I1304688/d01-x01-y01#8 7.50000e+00 8.50000e+00
  val: 3 2 0.0307905 -0.0156429 -0.00873826 0.013637 0.0142501 -0.00258609 0.00725339 -0.0029105 0.00744841 -0.00736816 
  err: 3 0 0.00605861 
/ATLAS_2014_I1304688/d01-x02-y01#0 -5.00000e-01 5.00000e-01
  val: 3 2 0 0 0 0 0 0 0 0 0 0 
  err: 3 0 0 
/ATLAS_2014_I1304688/d01-x02-y01#1 5.00000e-01 1.50000e+00
  val: 3 2 0 0 0 0 0 0 0 0 0 0 
  err: 3 0 0 
/ATLAS_2014_I1304688/d01-x02-y01#2 1.50000e+00 2.50000e+00
  val: 3 2 0 0 0 0 0 0 0 0 0 0 
  err: 3 0 0 
/ATLAS_2014_I1304688/d01-x02-y01#3 2.50000e+00 3.50000e+00
  val: 3 2 4.59936 -0.0209849 -0.400276 0.190533 -0.0690535 0.202196 0.222787 -0.0702267 -0.0046582 -0.297992 
  err: 3 0 0.10769 
/ATLAS_2014_I1304688/d01-x02-y01#4 3.50000e+00 4.50000e+00
  val: 3 2 1.92773 -0.332892 -0.051539 0.143026 0.212195 0.025938 0.0278642 0.0060242 -0.0124461 -0.160994 
  err: 3 0 0.109 
/ATLAS_2014_I1304688/d01-x02-y01#5 4.50000e+00 5.50000e+00
  val: 3 2 0.47759 -0.0612925 -0.0208031 -0.0538338 0.0641737 -0.0367558 0.0149851 0.0166493 0.0445473 0.0242553 
  err: 3 0 0.0236575 
/ATLAS_2014_I1304688/d01-x02-y01#6 5.50000e+00 6.50000e+00
  val: 3 2 0.0880036 0.00272359 -0.0017405 0.0167434 -0.00494611 -0.00935548 0.00232909 0.0029095 -0.00377412 -0.00339355 
  err: 3 0 0.00920063 
/ATLAS_2014_I1304688/d01-x02-y01#7 6.50000e+00 7.50000e+00
  val: 3 2 0.0157628 -0.00299011 0.000319746 0.00658301 -0.000589918 0.000716263 0.00129145 -0.00231933 -0.00440129 -0.00161617 
  err: 3 0 0.00272963 
/ATLAS_2014_I1304688/d01-x03-y01#0 -5.00000e-01 5.00000e-01
  val: 3 2 0 0 0 0 0 0 0 0 0 0 
  err: 3 0 0 
/ATLAS_2014_I1304688/d01-x03-y01#1 5.00000e-01 1.50000e+00
  val: 3 2 0 0 0 0 0 0 0 0 0 0 
  err: 3 0 0 
/ATLAS_2014_I1304688/d01-x03-y01#2 1.50000e+00 2.50000e+00
  val: 3 2 0 0 0 0 0 0 0 0 0 0 
  err: 3 0 0 
/ATLAS_2014_I1304688/d01-x03-y01#3 2.50000e+00 3.50000e+00
  val: 3 2 2.04244 -0.172398 -0.113898 -0.0139382 0.123745 -0.00106975 0.0335677 0.0003239 0.0506262 -0.0672212 
  err: 3 0 0.0523716 
/ATLAS_2014_I1304688/d01-x03-y01#4 3.50000e+00 4.50000e+00
  val: 3 2 0.483324 -0.0162667 -0.0441665 0.0472394 -0.0214009 0.0319822 0.020202 0.0102998 0.018274 -0.0709951 
  err: 3 0 0.0941392 
/ATLAS_2014_I1304688/d01-x03-y01#5 4.50000e+00 5.50000e+00
  val: 3 2 0.0818197 -0.00605331 -0.0232156 -0.0012249 0.00644728 -0.0150701 0.0235563 0.00449682 0.00293493 -0.00142433 
  err: 3 0 0.00759191 
/ATLAS_2014_I1304688/d01-x03-y01#6 5.50000e+00 6.50000e+00
  val: 3 2 0.0121226 -0.00475242 -0.00496368 0.00475313 0.00215394 0.00437933 0.00315946 0.00103428 -0.00162694 -0.00292251 
  err: 3 0 0.00169324 
/ATLAS_2014_I1304688/d01-x04-y01#0 -5.00000e-01 5.00000e-01
  val: 3 2 0 0 0 0 0 0 0 0 0 0 
  err: 3 0 0 
/ATLAS_2014_I1304688/d01-x04-y01#1 5.00000e-01 1.50000e+00
  val: 3 2 0 0 0 0 0 0 0 0 0 0 
  err: 3 0 0 
/ATLAS_2014_I1304688/d01-x04-y01#2 1.50000e+00 2.50000e+00
  val: 3 2 0 0 0 0 0 0 0 0 0 0 
  err: 3 0 0 
/ATLAS_2014_I1304688/d01-x04-y01#3 2.50000e+00 3.50000e+00
  val: 3 2 0.773935 -0.14728 -0.156349 0.133568 0.102172 0.0514896 0.114199 0.00054013 0.0091875 -0.146008 
  err: 3 0 0.026598 
/ATLAS_2014_I1304688/d01-x04-y01#4 3.50000e+00 4.50000e+00
  val: 3 2 0.126012 -0.000697222 -0.0117345 -0.00261287 -0.0062439 -0.00308175 0.0160172 0.00786106 -0.0104231 0.00343248 
  err: 3 0 0.00883575 
/ATLAS_2014_I1304688/d01-x04-y01#5 4.50000e+00 5.50000e+00
  val: 3 2 0.0177482 -0.00738662 -0.00322603 0.00150749 0.00494983 0.000114835 0.00300482 0.0021608 0.000515305 -0.000381585 
  err: 3 0 0.00237874 
/ATLAS_2014_I1304688/d02-x01-y01#0 5.00000e+01 7.00000e+01
  val: 3 2 0.0853366 0.00335262 -0.00033909 0.00598425 -0.00340189 0.00343066 -0.000405017 -0.000944025 -0.00278245 -0.000667975 
  err: 3 0 0.0034494 
/ATLAS_2014_I1304688/d02-x01-y01#1 7.00000e+01 9.00000e+01
  val: 3 2 0.12949 0.0131658 0.0113054 0.00146101 -0.0149538 -0.00111475 -0.0106154 0.0021012 -0.00134211 -0.00402986 
  err: 3 0 0.00434982 
/ATLAS_2014_I1304688/d02-x01-y01#2 9.00000e+01 1.20000e+02
  val: 3 2 0.101009 -0.00541136 -0.013073 -0.00126958 0.0041839 0.00449403 0.0076003 -0.00363 0.00179495 -0.00144397 
  err: 3 0 0.00281518 
/ATLAS_2014_I1304688/d02-x01-y01#3 1.20000e+02 1.55000e+02
  val: 3 2 0.0481279 -0.00642094 -0.00184382 0.00298776 0.00472638 6.06571e-05 0.0023385 0.000778086 2.98686e-05 -0.00497209 
  err: 3 0 0.00311094 
/ATLAS_2014_I1304688/d02-x01-y01#4 1.55000e+02 1.95000e+02
  val: 3 2 0.0196227 -0.00390552 -0.00209999 0.00189682 0.00349324 0.000302421 0.00176848 -0.000460446 7.8415e-06 -0.0019551 
  err: 3 0 0.000930723 
/ATLAS_2014_I1304688/d02-x01-y01#5 1.95000e+02 2.35000e+02
  val: 3 2 0.00823351 -0.000705528 -0.000776732 0.000306436 0.000740034 3.92125e-05 0.00064608 0.00033481 4.68142e-05 -0.000420182 
  err: 3 0 0.000404238 
/ATLAS_2014_I1304688/d02-x01-y01#6 2.35000e+02 2.80000e+02
  val: 3 2 0.00376429 0.000465544 -0.00054658 0.000481741 -0.000378971 -0.00010001 0.00043984 -0.000296614 5.58669e-05 -0.000423284 
  err: 3 0 0.000292721 
/ATLAS_2014_I1304688/d02-x01-y01#7 2.80000e+02 1.03000e+03
  val: 3 2 0.000242004 -3.2018e-06 -1.80173e-05 3.71404e-05 6.80773e-06 1.68608e-05 -2.31133e-07 -1.84635e-05 1.54407e-06 -2.46185e-05 
  err: 3 0 1.07419e-05 
/ATLAS_2014_I1304688/d02-x02-y01#0 3.50000e+01 5.00000e+01
  val: 3 2 0.122432 0.0057112 -0.00269194 0.00183634 -0.00420504 0.00590833 0.00201266 -0.00278181 -0.00497505 0.00783977 
  err: 3 0 0.00462267 
/ATLAS_2014_I1304688/d02-x02-y01#1 5.00000e+01 7.00000e+01
  val: 3 2 0.184549 0.00881913 0.00225512 0.0183554 -0.00415498 -0.00406325 -0.00120588 -0.00395684 -0.00167766 -0.0174422 
  err: 3 0 0.00498927 
/ATLAS_2014_I1304688/d02-x02-y01#2 7.00000e+01 9.00000e+01
  val: 3 2 0.124235 -0.0145696 -0.0116611 -0.0083845 0.00529592 0.00670506 0.00563337 0.00222884 0.00068525 0.00104128 
  err: 3 0 0.00603461 
/ATLAS_2014_I1304688/d02-x02-y01#3 9.00000e+01 1.20000e+02
  val: 3 2 0.0511661 -0.00565229 -0.00230322 0.00277876 0.00424315 0.000635042 0.000802683 -0.00043269 0.00217058 -0.00560116 
  err: 3 0 0.00181764 
/ATLAS_2014_I1304688/d02-x02-y01#4 1.20000e+02 1.55000e+02
  val: 3 2 0.0169946 -0.00128406 -0.00267482 0.00150657 0.000307786 0.00114345 0.00223114 0.000602773 -0.000290175 -0.00189876 
  err: 3 0 0.000714222 
/ATLAS_2014_I1304688/d02-x02-y01#5 1.55000e+02 1.95000e+02
  val: 3 2 0.00555455 0.000183848 0.0002026 -0.00080926 -0.000165992 -9.85788e-05 -0.0003543 -0.000216252 0.000294636 0.00039691 
  err: 3 0 0.000298746 
/ATLAS_2014_I1304688/d02-x02-y01#6 1.95000e+02 8.30000e+02
  val: 3 2 0.000176878 2.18325e-05 -1.18823e-05 3.52401e-05 -1.56164e-05 1.33391e-05 -1.58265e-06 -2.19222e-05 9.482e-06 -2.32905e-05 
  err: 3 0 1.78747e-05 
/ATLAS_2014_I1304688/d02-x03-y01#0 2.50000e+01 3.50000e+01
  val: 3 2 0.201366 0.0218521 -0.0025222 0.013378 -0.0151702 0.0042313 0.0017204 -0.00943202 0.00371696 -0.00889637 
  err: 3 0 0.00776009 
/ATLAS_2014_I1304688/d02-x03-y01#1 3.50000e+01 5.00000e+01
  val: 3 2 0.269246 0.00588522 -0.000310848 -0.00138468 -0.0107153 0.00274082 -0.00342968 0.00481197 -0.00381149 -0.00453717 
  err: 3 0 0.00712934 
/ATLAS_2014_I1304688/d02-x03-y01#2 5.00000e+01 7.00000e+01
  val: 3 2 0.145247 -0.021617 -0.0107451 0.00838785 0.0157353 0.00678896 0.00635806 -0.00287039 -0.00130799 -0.00860134 
  err: 3 0 0.00594814 
/ATLAS_2014_I1304688/d02-x03-y01#3 7.00000e+01 9.00000e+01
  val: 3 2 0.0488881 -0.000254822 -0.00139616 -0.00115461 0.000165417 -0.00206565 0.000365462 -0.000585924 0.00219829 -0.00163068 
  err: 3 0 0.00173937 
/ATLAS_2014_I1304688/d02-x03-y01#4 9.00000e+01 1.20000e+02
  val: 3 2 0.0139684 -0.00356532 -0.00331589 0.00263999 0.00266078 0.000935929 0.00256483 0.000459916 7.38167e-06 -0.00266149 
  err: 3 0 0.000591928 
/ATLAS_2014_I1304688/d02-x03-y01#5 1.20000e+02 5.30000e+02
  val: 3 2 0.000298508 3.65195e-05 -4.49402e-05 3.93593e-05 -1.0157e-05 -2.24994e-06 6.95907e-05 -3.23454e-05 -4.81652e-05 -5.54073e-06 
  err: 3 0 1.98153e-05 
/ATLAS_2014_I1304688/d02-x04-y01#0 2.50000e+01 3.50000e+01
  val: 3 2 0.292955 -0.0227711 -0.00151715 -0.00518016 0.00149008 0.0040995 0.00390048 0.0214315 -0.00720051 -0.00783577 
  err: 3 0 0.00886906 
/ATLAS_2014_I1304688/d02-x04-y01#1 3.50000e+01 5.00000e+01
  val: 3 2 0.156778 -0.0234792 0.00792933 0.0071891 0.0173847 -0.00123568 -0.00585089 0.00124896 -0.00948069 -0.0033148 
  err: 3 0 0.00516357 
/ATLAS_2014_I1304688/d02-x04-y01#2 5.00000e+01 7.00000e+01
  val: 3 2 0.0442577 -0.00679454 -0.00622546 0.00711579 0.00456817 0.00064841 0.00512375 0.000275094 0.00101496 -0.00771291 
  err: 3 0 0.00487903 
/ATLAS_2014_I1304688/d02-x04-y01#3 7.00000e+01 9.00000e+01
  val: 3 2 0.0110566 -0.000905847 -0.0019194 0.000154176 -0.000323997 0.00078516 0.000830328 0.000620434 0.000301011 -0.000613665 
  err: 3 0 0.000643135 
/ATLAS_2014_I1304688/d02-x04-y01#4 9.00000e+01 2.80000e+02
  val: 3 2 0.000400642 2.09699e-05 -3.03982e-05 -4.85376e-05 -4.27084e-05 -1.18702e-05 3.36827e-05 4.30435e-06 -4.37513e-06 5.20671e-05 
  err: 3 0 3.27335e-05 
/ATLAS_2014_I1304688/d02-x05-y01#0 2.50000e+01 3.50000e+01
  val: 3 2 0.153803 -0.0304691 -0.00822935 0.0206136 0.0114407 -0.00068925 0.00964538 0.0121602 -0.0147645 -0.01574 
  err: 3 0 0.0063668 
/ATLAS_2014_I1304688/d02-x05-y01#1 3.50000e+01 5.00000e+01
  val: 3 2 0.0485184 -0.0100024 -0.000220851 -0.00139722 0.00986197 -0.00233824 -0.00087154 -0.00179729 0.00372994 0.00226695 
  err: 3 0 0.00206789 
/ATLAS_2014_I1304688/d02-x05-y01#2 5.00000e+01 7.00000e+01
  val: 3 2 0.00934458 -0.000932031 -0.000794664 -0.000312179 0.000351333 -0.00128961 0.0010118 0.00121326 -0.000224933 0.000289443 
  err: 3 0 0.000625418 
/ATLAS_2014_I1304688/d02-x05-y01#3 7.00000e+01 1.95000e+02
  val: 3 2 0.000327443 -6.15274e-05 -0.00012529 3.90955e-05 3.44732e-05 2.95366e-05 9.45113e-05 -1.92457e-05 -1.15425e-05 -9.68866e-06 
  err: 3 0 4.20667e-05 
/ATLAS_2015_I1404878_custom/d01-x01-y01#0 2.25000e+02 3.45000e+02
  val: 3 2 0.0192896 -0.00165207 -0.00272719 0.000143673 -0.000353574 4.79917e-05 0.00171425 0.000693996 0.00172183 0.000540617 
  err: 3 0 0.00075844 
/ATLAS_2015_I1404878_custom/d01-x01-y01#1 3.45000e+02 4.20000e+02
  val: 3 2 0.0995818 -0.0146782 0.00322699 0.000111542 0.00852248 -0.00189727 -0.00391792 0.00559809 -0.000257507 -0.000620887 
  err: 3 0 0.0025726 
/ATLAS_2015_I1404878_custom/d01-x01-y01#2 4.20000e+02 5.00000e+02
  val: 3 2 0.0908893 -0.00908477 -0.000193396 -0.000266729 0.00813251 -0.00249447 0.0012716 6.32212e-05 -0.00111257 -0.000357584 
  err: 3 0 0.00245493 
/ATLAS_2015_I1404878_custom/d01-x01-y01#3 5.00000e+02 5.90000e+02
  val: 3 2 0.0589736 -0.00316429 0.00325148 0.000426516 0.00417136 -0.00240213 -0.00147339 -0.00170211 -0.00145989 -0.000289819 
  err: 3 0 0.00184775 
/ATLAS_2015_I1404878_custom/d01-x01-y01#4 5.90000e+02 6.85000e+02
  val: 3 2 0.0310344 0.00412148 0.00541237 0.00885765 -0.00134561 -0.000700411 -0.00218756 -0.00489699 -0.00362534 -0.00546552 
  err: 3 0 0.00135005 
/ATLAS_2015_I1404878_custom/d01-x01-y01#5 6.85000e+02 7.90000e+02
  val: 3 2 0.0192814 -0.00113603 -0.0019246 0.000349674 0.00101602 0.000132252 0.00248843 0.00068296 -0.000495864 -0.000104931 
  err: 3 0 0.000863605 
/ATLAS_2015_I1404878_custom/d01-x01-y01#6 7.90000e+02 9.10000e+02
  val: 3 2 0.0103539 0.000600891 0.000522907 0.000935466 -0.000378386 -0.000694927 -0.000366582 2.77e-05 -0.000119196 -0.00108519 
  err: 3 0 0.000943906 
/ATLAS_2015_I1404878_custom/d01-x01-y01#7 9.10000e+02 1.04000e+03
  val: 3 2 0.0055646 0.000418507 0.00112745 0.000247329 -0.000886081 0.000253298 -0.00108354 -0.00011575 -0.000686454 3.15846e-05 
  err: 3 0 0.000384278 
/ATLAS_2015_I1404878_custom/d01-x01-y01#8 1.04000e+03 1.17500e+03
  val: 3 2 0.00255712 0.000769195 -0.000437377 0.000462352 -0.00034812 -0.000242329 0.000297998 -0.000538622 5.4443e-05 -0.000152801 
  err: 3 0 0.000224751 
/ATLAS_2015_I1404878_custom/d01-x01-y01#9 1.17500e+03 1.32000e+03
  val: 3 2 0.00171951 -0.000403182 -0.000406921 -0.000212389 7.34401e-05 0.00027007 5.30853e-05 0.000291123 0.000166755 -3.20091e-05 
  err: 3 0 0.000221653 
/ATLAS_2015_I1404878_custom/d01-x01-y01#10 1.32000e+03 3.00000e+03
  val: 3 2 0.000155325 -4.13166e-05 -2.77024e-05 -5.33647e-06 2.92167e-05 -3.22996e-06 2.15258e-05 9.93373e-06 1.79756e-05 -2.22097e-05 
  err: 3 0 1.04667e-05 
/ATLAS_2015_I1404878_custom/d03-x01-y01#0 0.00000e+00 3.50000e+01
  val: 3 2 0.403844 -0.0511282 0.0136937 -0.00350635 0.0334119 -0.00992764 -0.00989238 0.00670646 -0.00372257 -0.0119813 
  err: 3 0 0.00840632 
/ATLAS_2015_I1404878_custom/d03-x01-y01#1 3.50000e+01 7.50000e+01
  val: 3 2 0.219628 0.0124285 0.00592441 0.0328182 -0.0023484 -0.00945288 0.00358254 -0.0105567 -0.00904053 -0.0146067 
  err: 3 0 0.00529851 
/ATLAS_2015_I1404878_custom/d03-x01-y01#2 7.50000e+01 1.25000e+02
  val: 3 2 0.0816657 -0.0104872 -0.00285674 -0.00121788 0.00564202 0.00427247 -0.00127303 0.000922638 0.00228454 0.001249 
  err: 3 0 0.00257703 
/ATLAS_2015_I1404878_custom/d03-x01-y01#3 1.25000e+02 1.70000e+02
  val: 3 2 0.0310045 0.00150394 -0.000468004 0.000234354 -0.000429226 -0.00323024 0.00169369 0.000358873 0.000422464 0.00074965 
  err: 3 0 0.00134828 
/ATLAS_2015_I1404878_custom/d03-x01-y01#4 1.70000e+02 2.25000e+02
  val: 3 2 0.0145744 -0.00210657 0.00226762 -0.000530873 0.0019693 -0.000329136 -0.00122549 0.000363869 -0.0019174 0.00243798 
  err: 3 0 0.000699311 
/ATLAS_2015_I1404878_custom/d03-x01-y01#5 2.25000e+02 8.00000e+02
  val: 3 2 0.00165799 -0.000118639 -0.000222904 -4.54569e-05 1.06594e-05 3.31452e-05 0.000158773 7.02598e-05 -1.16318e-05 3.75559e-05 
  err: 3 0 4.75806e-05 
/ATLAS_2015_I1404878_custom/d05-x01-y01#0 0.00000e+00 1.00000e-01
  val: 3 2 36.2893 -4.98558 -3.9592 -1.04316 3.37338 0.0463025 2.11901 1.52728 0.090815 -0.31562 
  err: 3 0 1.41395 
/ATLAS_2015_I1404878_custom/d05-x01-y01#1 1.00000e-01 2.00000e-01
  val: 3 2 33.7474 -0.618849 2.32387 0.0666228 -0.612467 -0.07279 -1.83327 -0.566028 -2.22367 0.77928 
  err: 3 0 1.3212 
/ATLAS_2015_I1404878_custom/d05-x01-y01#2 2.00000e-01 3.00000e-01
  val: 3 2 31.5768 -0.550255 -0.804359 2.17188 -0.513075 1.38203 0.82585 -0.428739 -0.843336 -0.62081 
  err: 3 0 1.19996 
/ATLAS_2015_I1404878_custom/d05-x01-y01#3 3.00000e-01 4.00000e-01
  val: 3 2 27.0741 2.55739 4.83725 6.13413 -0.09252 -3.65658 -0.704575 -1.54329 -2.04342 -3.4631 
  err: 3 0 1.59163 
/ATLAS_2015_I1404878_custom/d05-x01-y01#4 4.00000e-01 5.00000e-01
  val: 3 2 28.8312 -3.68021 -1.01937 1.87933 4.79074 -0.920123 -0.228532 -1.4223 2.6483 -2.72165 
  err: 3 0 1.35281 
/ATLAS_2015_I1404878_custom/d05-x01-y01#5 5.00000e-01 6.00000e-01
  val: 3 2 25.4426 -0.244556 3.01043 0.155016 0.709177 -2.03026 -1.07686 -1.56378 -2.1425 0.973248 
  err: 3 0 1.14322 
/ATLAS_2015_I1404878_custom/d05-x01-y01#6 6.00000e-01 7.00000e-01
  val: 3 2 23.5452 -2.13368 -0.339574 1.80456 2.29533 -0.296563 -0.98417 -0.701358 2.53905 -2.80847 
  err: 3 0 1.02774 
/ATLAS_2015_I1404878_custom/d05-x01-y01#7 7.00000e-01 8.00000e-01
  val: 3 2 21.2741 -3.05918 -2.02231 -0.410995 1.92215 -0.067905 1.83351 1.26624 0.493226 -0.53517 
  err: 3 0 0.996231 
/ATLAS_2015_I1404878_custom/d05-x01-y01#8 8.00000e-01 9.00000e-01
  val: 3 2 17.6144 -1.6876 1.16677 0.427718 0.491393 0.62328 -1.27064 1.1657 -0.118068 -0.576705 
  err: 3 0 0.817531 
/ATLAS_2015_I1404878_custom/d05-x01-y01#9 9.00000e-01 1.00000e+00
  val: 3 2 12.6232 3.171 0.616056 0.608912 -1.66798 -2.35147 1.51186 -0.963085 -1.02322 1.14339 
  err: 3 0 0.834824 
/ATLAS_2015_I1404878_custom/d05-x01-y01#10 1.00000e+00 1.10000e+00
  val: 3 2 11.8314 -2.7175 0.938237 0.728425 1.9966 -0.76395 0.031055 1.45773 -1.42152 -0.975122 
  err: 3 0 0.614124 
/ATLAS_2015_I1404878_custom/d05-x01-y01#11 1.10000e+00 1.20000e+00
  val: 3 2 9.86261 -2.64305 -0.648876 -1.1343 1.56439 0.737709 -0.176427 0.898146 -0.0189637 0.964678 
  err: 3 0 0.520994 
/ATLAS_2015_I1404878_custom/d05-x01-y01#12 1.20000e+00 1.30000e+00
  val: 3 2 6.92698 -1.02526 -0.294098 0.745226 0.292324 0.191886 0.232448 0.222602 -0.150106 -0.785377 
  err: 3 0 0.433938 
/ATLAS_2015_I1404878_custom/d05-x01-y01#13 1.30000e+00 1.40000e+00
  val: 3 2 5.6026 -1.33345 1.79697 -0.917201 0.604967 0.105218 -1.90484 -0.168871 -0.0493982 0.826425 
  err: 3 0 0.352331 
/ATLAS_2015_I1404878_custom/d05-x01-y01#14 1.40000e+00 1.50000e+00
  val: 3 2 3.46766 1.00768 0.117251 -0.0395735 -0.942903 0.0324772 -0.213011 -0.292577 -0.194089 0.452989 
  err: 3 0 0.277914 
/ATLAS_2015_I1404878_custom/d05-x01-y01#15 1.50000e+00 1.60000e+00
  val: 3 2 2.43961 -0.587159 -0.0481014 0.011308 0.173213 0.202037 0.263299 0.288895 -0.40339 -0.0665882 
  err: 3 0 0.198488 
/ATLAS_2015_I1404878_custom/d05-x01-y01#16 1.60000e+00 1.80000e+00
  val: 3 2 1.30949 -0.284815 -0.120499 -0.11631 0.0291038 0.146115 0.0101681 0.0693938 0.0633223 0.0457633 
  err: 3 0 0.104677 
/ATLAS_2015_I1404878_custom/d05-x01-y01#17 1.80000e+00 2.50000e+00
  val: 3 2 0.114688 -0.0344922 0.0086126 -0.0143748 0.0129081 -0.00197463 -0.0154254 0.00568779 0.00283755 0.0159307 
  err: 3 0 0.013639 
/ATLAS_2015_I1404878_custom/d07-x01-y01#0 0.00000e+00 2.50000e+01
  val: 3 2 0.0426143 -0.0142818 -0.00233686 0.00657539 0.0118883 -0.000308588 0.00131685 0.00255066 -0.00180791 -0.00598225 
  err: 3 0 0.00325259 
/ATLAS_2015_I1404878_custom/d07-x01-y01#1 2.50000e+01 5.00000e+01
  val: 3 2 0.115752 -6.00883e-05 -0.0139621 0.0103567 -0.00154197 0.00207747 0.0112144 -0.00535732 0.0029655 -0.00294143 
  err: 3 0 0.00548864 
/ATLAS_2015_I1404878_custom/d07-x01-y01#2 5.00000e+01 7.50000e+01
  val: 3 2 0.176838 -0.0137467 0.00470107 0.0202251 0.00817663 -0.00154329 -0.00503567 -0.00207771 -0.00358549 -0.0197262 
  err: 3 0 0.00636439 
/ATLAS_2015_I1404878_custom/d07-x01-y01#3 7.50000e+01 1.05000e+02
  val: 3 2 0.202142 -0.0122462 -0.000247381 -0.0106487 0.0121516 -0.00312142 -0.00134777 -0.00044848 0.00713633 0.011806 
  err: 3 0 0.00669758 
/ATLAS_2015_I1404878_custom/d07-x01-y01#4 1.05000e+02 1.35000e+02
  val: 3 2 0.167901 -0.00794445 0.0220396 0.0202293 0.00696099 -0.0135008 -0.00650881 -0.000525803 -0.0125253 -0.0137868 
  err: 3 0 0.00497866 
/ATLAS_2015_I1404878_custom/d07-x01-y01#5 1.35000e+02 1.65000e+02
  val: 3 2 0.12501 -0.0196888 0.00303669 -0.0169573 0.0159303 5.80583e-05 -0.00407756 0.00165506 -0.0027472 0.0131848 
  err: 3 0 0.00394041 
/ATLAS_2015_I1404878_custom/d07-x01-y01#6 1.65000e+02 1.95000e+02
  val: 3 2 0.0737601 0.00552776 -0.00496426 0.0104388 -0.00160288 -0.00602583 0.00803932 -0.00459917 -0.00395919 -0.00407779 
  err: 3 0 0.00418733 
/ATLAS_2015_I1404878_custom/d07-x01-y01#7 1.95000e+02 2.30000e+02
  val: 3 2 0.0501558 0.00131489 -0.00112812 0.00258282 -0.00211217 0.00144155 0.0001504 -0.00197408 0.00130013 -0.00368627 
  err: 3 0 0.00200459 
/ATLAS_2015_I1404878_custom/d07-x01-y01#8 2.30000e+02 2.65000e+02
  val: 3 2 0.0314233 -0.00278478 0.00222221 0.00122641 -0.000449566 -0.000481391 -0.000889576 0.00365137 -0.00271201 -0.00291363 
  err: 3 0 0.00143086 
/ATLAS_2015_I1404878_custom/d07-x01-y01#9 2.65000e+02 3.00000e+02
  val: 3 2 0.0197911 -0.00349409 0.00351992 -0.00120885 0.00199087 0.000980326 -0.00399252 0.00121405 -7.53737e-05 0.00031714 
  err: 3 0 0.000984499 
/ATLAS_2015_I1404878_custom/d07-x01-y01#10 3.00000e+02 3.50000e+02
  val: 3 2 0.0108141 -0.000715305 0.00225482 0.00193177 0.000372276 -0.000177795 -0.00179787 0.000945093 -0.000811663 -0.00223823 
  err: 3 0 0.000680946 
/ATLAS_2015_I1404878_custom/d07-x01-y01#11 3.50000e+02 4.00000e+02
  val: 3 2 0.00596671 0.000910297 -0.000659382 -0.000951734 -0.000774533 -0.000602391 0.000592236 8.104e-07 0.000623352 0.000810892 
  err: 3 0 0.000538655 
/ATLAS_2015_I1404878_custom/d07-x01-y01#12 4.00000e+02 4.50000e+02
  val: 3 2 0.00285442 0.000627834 0.000785409 -0.000514085 -0.000394847 -0.00054921 -0.000457676 0.00013164 1.28302e-05 0.000236475 
  err: 3 0 0.000253872 
/ATLAS_2015_I1404878_custom/d07-x01-y01#13 4.50000e+02 5.00000e+02
  val: 3 2 0.00156756 -0.000502242 -0.000264619 -0.000483187 0.000535443 9.03646e-05 0.000143232 0.000124153 -6.4537e-05 0.000479856 
  err: 3 0 0.000186455 
/ATLAS_2015_I1404878_custom/d07-x01-y01#14 5.00000e+02 1.00000e+03
  val: 3 2 0.000208335 -8.80119e-05 -4.90488e-05 -5.15431e-05 4.00145e-05 2.08975e-05 9.80047e-06 2.83545e-05 3.24632e-05 1.11908e-05 
  err: 3 0 1.49152e-05 
/ATLAS_2015_I1404878_custom/d09-x01-y01#0 0.00000e+00 1.00000e-01
  val: 3 2 26.4439 -1.97596 -0.803363 -0.603217 1.60841 -0.274368 -0.12808 0.437295 0.861756 -0.63727 
  err: 3 0 1.07951 
/ATLAS_2015_I1404878_custom/d09-x01-y01#1 1.00000e-01 2.00000e-01
  val: 3 2 26.9966 -2.38125 0.43319 -2.07753 0.835317 -0.245118 -0.838718 0.837444 -0.246525 0.294165 
  err: 3 0 1.08479 
/ATLAS_2015_I1404878_custom/d09-x01-y01#2 2.00000e-01 3.00000e-01
  val: 3 2 23.8778 0.990582 5.68622 0.131594 -1.06242 -0.644553 -3.97271 0.099336 -2.0626 0.240388 
  err: 3 0 1.02153 
/ATLAS_2015_I1404878_custom/d09-x01-y01#3 3.00000e-01 4.00000e-01
  val: 3 2 24.0269 -0.801223 0.572824 2.84794 0.674757 -0.747623 -0.687203 -0.383902 -0.724948 -1.69925 
  err: 3 0 1.19124 
/ATLAS_2015_I1404878_custom/d09-x01-y01#4 4.00000e-01 5.00000e-01
  val: 3 2 21.9071 1.47397 -0.355942 2.88033 0.767147 -2.47023 1.30413 -3.06518 -0.191882 -1.44296 
  err: 3 0 1.15498 
/ATLAS_2015_I1404878_custom/d09-x01-y01#5 5.00000e-01 6.00000e-01
  val: 3 2 22.4293 -2.91943 1.90583 0.912671 0.998077 -1.03291 -1.22941 2.3719 -0.571896 -1.43453 
  err: 3 0 1.36053 
/ATLAS_2015_I1404878_custom/d09-x01-y01#6 6.00000e-01 7.00000e-01
  val: 3 2 20.3597 -3.92884 0.311126 2.16307 3.5797 0.365075 0.355602 0.478305 -0.997115 -1.05573 
  err: 3 0 0.945669 
/ATLAS_2015_I1404878_custom/d09-x01-y01#7 7.00000e-01 8.00000e-01
  val: 3 2 19.278 -1.8133 -0.0866502 1.63016 2.47334 -1.00054 0.18878 -1.17952 0.954838 -1.36502 
  err: 3 0 1.01268 
/ATLAS_2015_I1404878_custom/d09-x01-y01#8 8.00000e-01 9.00000e-01
  val: 3 2 18.137 0.542803 -3.68188 1.19929 -1.22611 1.62878 2.76976 -0.774131 1.06342 -1.33279 
  err: 3 0 0.868952 
/ATLAS_2015_I1404878_custom/d09-x01-y01#9 9.00000e-01 1.00000e+00
  val: 3 2 17.9623 -2.8807 -0.127944 -2.5084 0.471138 1.11799 -0.500212 1.94325 -0.552359 1.98392 
  err: 3 0 0.88596 
/ATLAS_2015_I1404878_custom/d09-x01-y01#10 1.00000e+00 1.10000e+00
  val: 3 2 14.2781 2.0288 -1.52487 2.40551 -0.928648 0.114145 0.619767 -2.32737 1.68064 -1.39912 
  err: 3 0 0.912263 
/ATLAS_2015_I1404878_custom/d09-x01-y01#11 1.10000e+00 1.20000e+00
  val: 3 2 12.1698 -1.26027 2.73292 1.67694 2.16009 -2.19695 -1.1305 -0.448313 -0.362554 -0.953092 
  err: 3 0 0.762399 
/ATLAS_2015_I1404878_custom/d09-x01-y01#12 1.20000e+00 1.30000e+00
  val: 3 2 11.9967 -1.33564 3.22716 -2.72639 1.25393 -1.27961 -2.31194 0.403832 -0.540647 2.03428 
  err: 3 0 0.872247 
/ATLAS_2015_I1404878_custom/d09-x01-y01#13 1.30000e+00 1.40000e+00
  val: 3 2 9.56479 -1.76172 -2.20384 0.707636 1.45662 -0.167899 2.9391 0.936544 -0.676723 0.48018 
  err: 3 0 0.628572 
/ATLAS_2015_I1404878_custom/d09-x01-y01#14 1.40000e+00 1.50000e+00
  val: 3 2 7.4308 1.35042 -1.3391 2.71641 -0.218542 0.110774 1.53602 -2.58957 -0.679319 -0.821807 
  err: 3 0 0.5498 
/ATLAS_2015_I1404878_custom/d09-x01-y01#15 1.50000e+00 1.70000e+00
  val: 3 2 6.49051 -0.911603 -0.505198 -0.156016 0.649073 -0.255705 0.575867 0.241786 -0.321492 -0.06225 
  err: 3 0 0.415573 
/ATLAS_2015_I1404878_custom/d09-x01-y01#16 1.70000e+00 1.90000e+00
  val: 3 2 3.55255 -0.72835 0.744079 0.383539 -0.015101 0.241085 -0.639545 0.48998 -0.488528 -0.297742 
  err: 3 0 0.241775 
/ATLAS_2015_I1404878_custom/d09-x01-y01#17 1.90000e+00 2.50000e+00
  val: 3 2 0.770997 -0.231609 0.0444665 -0.159395 0.0704161 0.0319991 -0.074996 0.191957 -0.00796393 0.0505047 
  err: 3 0 0.065378 
/ATLAS_2015_I1404878_custom/d11-x01-y01#0 0.00000e+00 4.00000e+01
  val: 3 2 0.56242 -0.0311212 0.0102274 0.0241201 0.0241227 -0.0150045 -0.00186229 -0.00107303 -0.00829268 -0.0232269 
  err: 3 0 0.00892924 
/ATLAS_2015_I1404878_custom/d11-x01-y01#1 4.00000e+01 8.00000e+01
  val: 3 2 0.131603 -0.020427 0.00405718 0.00158259 0.0145494 0.0021623 -0.00588832 -0.000189313 -0.000277795 0.00264881 
  err: 3 0 0.00363762 
/ATLAS_2015_I1404878_custom/d11-x01-y01#2 8.00000e+01 1.20000e+02
  val: 3 2 0.0353249 0.00299 -0.00184716 0.00226695 -0.00119078 -0.00300423 0.00376 -0.00151453 -0.00111124 0.000366575 
  err: 3 0 0.00154066 
/ATLAS_2015_I1404878_custom/d11-x01-y01#3 1.20000e+02 1.70000e+02
  val: 3 2 0.0123533 0.000268112 -3.35253e-05 0.000707119 -0.000400582 -0.000462185 0.000700408 0.000383361 -0.00122221 -7.1948e-05 
  err: 3 0 0.000687762 
/ATLAS_2015_I1404878_custom/d11-x01-y01#4 1.70000e+02 2.30000e+02
  val: 3 2 0.00396468 -0.000282025 0.00114636 -0.000829027 -0.000211118 6.09283e-05 -0.000807127 0.00058862 -0.000578524 0.000707363 
  err: 3 0 0.000237972 
/ATLAS_2015_I1404878_custom/d11-x01-y01#5 2.30000e+02 6.00000e+02
  val: 3 2 0.00034283 3.16131e-05 -4.08239e-05 -5.05142e-05 -3.52445e-05 -7.8073e-06 1.74248e-05 -2.18651e-05 3.11085e-05 4.58716e-05 
  err: 3 0 2.27707e-05 
/ATLAS_2015_I1404878_custom/d13-x01-y01#0 0.00000e+00 1.40000e+00
  val: 3 2 1.1311 -0.00992736 -0.0351351 0.105863 -0.00296131 0.0434493 0.0116226 -0.0109864 -0.0230399 -0.00660446 
  err: 3 0 0.0493231 
/ATLAS_2015_I1404878_custom/d13-x01-y01#1 1.40000e+00 2.20000e+00
  val: 3 2 2.94897 -0.256643 -0.279922 -0.0307233 0.230924 -0.104298 0.230709 0.0146821 0.122875 0.00608969 
  err: 3 0 0.135285 
/ATLAS_2015_I1404878_custom/d13-x01-y01#2 2.20000e+00 2.70000e+00
  val: 3 2 9.30571 -0.59243 0.696486 0.26476 0.337474 -0.063571 -0.494973 0.274909 -0.560618 0.295559 
  err: 3 0 0.292921 
/ATLAS_2015_I1404878_custom/d13-x01-y01#3 2.70000e+00 3.15000e+00
  val: 3 2 47.9145 -3.15268 1.05314 1.84323 2.45332 -1.33695 -0.265893 -0.440667 -0.571367 -1.99102 
  err: 3 0 0.757073 
/ATLAS_2015_I1404878_custom/d15-x01-y01#0 0.00000e+00 9.00000e+01
  val: 3 2 0.0245988 -0.00407069 -0.00417581 0.00441497 0.00276106 0.00102725 0.00204451 -0.000146429 0.00141745 -0.00429882 
  err: 3 0 0.00136928 
/ATLAS_2015_I1404878_custom/d15-x01-y01#1 9.00000e+01 1.40000e+02
  val: 3 2 0.0759666 -0.00491938 0.00349907 0.00198794 0.00337356 -0.00185093 0.00060705 0.000109348 -0.00532435 -0.00129393 
  err: 3 0 0.00291509 
/ATLAS_2015_I1404878_custom/d15-x01-y01#2 1.40000e+02 1.95000e+02
  val: 3 2 0.103471 -0.00888294 -0.00141759 0.0026475 0.00608119 -0.00259981 0.00168094 0.00186305 0.00303734 -0.0025078 
  err: 3 0 0.00329966 
/ATLAS_2015_I1404878_custom/d15-x01-y01#3 1.95000e+02 2.55000e+02
  val: 3 2 0.101722 -0.00544044 0.00802087 0.0010812 0.00457684 -0.00275267 -0.0070381 -0.00314771 -0.002805 0.00322587 
  err: 3 0 0.00326645 
/ATLAS_2015_I1404878_custom/d15-x01-y01#4 2.55000e+02 3.20000e+02
  val: 3 2 0.0702072 -0.00249515 0.00612234 0.00363516 0.00285537 -0.00295701 -0.00319033 -0.0022481 -0.00335289 -0.00220134 
  err: 3 0 0.00204218 
/ATLAS_2015_I1404878_custom/d15-x01-y01#5 3.20000e+02 3.85000e+02
  val: 3 2 0.0434547 -0.00385448 -0.000975371 0.000310909 0.00397504 -0.00198591 0.00282034 0.00139761 -0.00146728 0.0007211 
  err: 3 0 0.0019699 
/ATLAS_2015_I1404878_custom/d15-x01-y01#6 3.85000e+02 4.55000e+02
  val: 3 2 0.026458 0.00243781 -0.00145692 0.000826411 -0.00162466 -0.00107084 0.00246634 -0.00121132 -0.000349836 -0.000769186 
  err: 3 0 0.00108438 
/ATLAS_2015_I1404878_custom/d15-x01-y01#7 4.55000e+02 5.30000e+02
  val: 3 2 0.0168517 -0.00155146 -0.000789537 0.00184681 0.000460244 0.000786907 -0.000299616 0.000267011 0.000152823 -0.00216703 
  err: 3 0 0.00071558 
/ATLAS_2015_I1404878_custom/d15-x01-y01#8 5.30000e+02 6.10000e+02
  val: 3 2 0.00965298 -0.000917849 0.00147264 -0.000566762 0.000623426 0.000283935 -0.00141404 0.000376077 -0.000256635 9.52553e-05 
  err: 3 0 0.000483664 
/ATLAS_2015_I1404878_custom/d15-x01-y01#9 6.10000e+02 6.95000e+02
  val: 3 2 0.0053175 -0.000384662 0.00025354 0.00162003 0.000108179 5.5995e-05 -0.000361124 0.000528444 0.000155583 -0.00197037 
  err: 3 0 0.000396191 
/ATLAS_2015_I1404878_custom/d15-x01-y01#10 6.95000e+02 7.80000e+02
  val: 3 2 0.00323222 -8.81672e-05 0.000569445 -0.000876339 -0.000116868 -0.000138839 -0.000460371 0.000142038 -0.000282881 0.000917939 
  err: 3 0 0.000248362 
/ATLAS_2015_I1404878_custom/d15-x01-y01#11 7.80000e+02 8.65000e+02
  val: 3 2 0.00169373 0.000214235 0.000260831 -0.000423959 -0.000235655 -0.000429036 -9.77177e-05 0.000415864 7.98692e-05 0.000152893 
  err: 3 0 0.000208889 
/ATLAS_2015_I1404878_custom/d15-x01-y01#12 8.65000e+02 9.50000e+02
  val: 3 2 0.000976948 -3.36879e-05 -0.000305758 -0.000157096 3.03281e-05 2.36015e-05 0.000312342 1.67642e-05 -2.94356e-05 7.8249e-05 
  err: 3 0 0.000117957 
/ATLAS_2015_I1404878_custom/d15-x01-y01#13 9.50000e+02 1.04100e+03
  val: 3 2 0.000604977 -0.000241241 -1.30108e-05 -0.000348087 0.000178421 -1.04518e-05 -0.000132062 0.000270895 0.000145555 0.000156729 
  err: 3 0 6.72703e-05 
/ATLAS_2015_I1404878_custom/d15-x01-y01#14 1.04100e+03 1.50000e+03
  val: 3 2 0.000131508 -5.64694e-05 -1.39175e-05 -2.04992e-05 2.89186e-05 1.78252e-05 -5.00885e-06 1.45475e-06 1.75163e-05 6.01672e-06 
  err: 3 0 1.20977e-05 
/ATLAS_2015_I1404878_custom/d17-x01-y01#0 0.00000e+00 1.00000e-01
  val: 3 2 35.1208 -1.74895 -5.42108 1.23768 1.24721 1.1275 3.54373 -0.817828 -0.547285 -0.967155 
  err: 3 0 1.37021 
/ATLAS_2015_I1404878_custom/d17-x01-y01#1 1.00000e-01 2.00000e-01
  val: 3 2 34.2273 -1.67074 3.58642 -0.494275 -0.342187 -0.9777 -2.54627 1.03639 -1.9841 0.879133 
  err: 3 0 1.62056 
/ATLAS_2015_I1404878_custom/d17-x01-y01#2 2.00000e-01 3.00000e-01
  val: 3 2 32.1103 -2.54633 -0.197018 -0.191214 1.71433 0.32646 0.168333 0.348203 -0.5379 0.800505 
  err: 3 0 1.18334 
/ATLAS_2015_I1404878_custom/d17-x01-y01#3 3.00000e-01 4.00000e-01
  val: 3 2 27.5266 1.54366 2.9239 7.21383 0.348962 -2.7559 -0.125688 -0.468107 -0.980481 -5.66348 
  err: 3 0 1.31676 
/ATLAS_2015_I1404878_custom/d17-x01-y01#4 4.00000e-01 5.00000e-01
  val: 3 2 28.6786 -5.40657 1.02804 0.475347 6.20883 -0.316048 -1.22934 -2.18577 1.51743 -0.536482 
  err: 3 0 1.32067 
/ATLAS_2015_I1404878_custom/d17-x01-y01#5 5.00000e-01 6.00000e-01
  val: 3 2 23.8679 1.9838 3.22908 4.08105 0.0139467 -2.706 -1.56431 -2.51506 -0.96015 -2.45249 
  err: 3 0 1.19667 
/ATLAS_2015_I1404878_custom/d17-x01-y01#6 6.00000e-01 7.00000e-01
  val: 3 2 23.5566 -0.280173 -3.74643 0.791342 0.896483 -1.0497 2.79789 -1.17939 1.9016 -1.26468 
  err: 3 0 1.03314 
/ATLAS_2015_I1404878_custom/d17-x01-y01#7 7.00000e-01 8.00000e-01
  val: 3 2 21.6154 -3.37979 2.41258 -1.70645 0.807072 0.892157 -2.19841 2.25894 -1.53023 0.599415 
  err: 3 0 0.998292 
/ATLAS_2015_I1404878_custom/d17-x01-y01#8 8.00000e-01 9.00000e-01
  val: 3 2 17.9081 -3.31648 0.32591 0.345081 1.86059 0.59133 -0.42205 1.45788 0.57312 -1.27791 
  err: 3 0 0.830142 
/ATLAS_2015_I1404878_custom/d17-x01-y01#9 9.00000e-01 1.00000e+00
  val: 3 2 13.7059 2.44663 -1.03069 -1.87883 -1.25039 -2.53415 2.45286 -0.092108 -0.480817 2.94514 
  err: 3 0 0.845865 
/ATLAS_2015_I1404878_custom/d17-x01-y01#10 1.00000e+00 1.10000e+00
  val: 3 2 11.8964 -1.93503 1.27307 0.542013 0.912077 -0.513001 -0.500728 0.996435 -0.70692 -0.972479 
  err: 3 0 0.61485 
/ATLAS_2015_I1404878_custom/d17-x01-y01#11 1.10000e+00 1.20000e+00
  val: 3 2 9.21601 -2.1388 -0.224449 0.739701 1.89093 0.572836 -0.36021 -0.0398414 -0.364832 0.216775 
  err: 3 0 0.49845 
/ATLAS_2015_I1404878_custom/d17-x01-y01#12 1.20000e+00 1.30000e+00
  val: 3 2 7.06108 -0.783088 -0.423627 0.911357 -0.0642625 0.163529 0.439361 0.48184 -0.321623 -1.12504 
  err: 3 0 0.422725 
/ATLAS_2015_I1404878_custom/d17-x01-y01#13 1.30000e+00 1.40000e+00
  val: 3 2 5.66601 -1.73204 1.53375 -0.904633 0.983762 0.184829 -1.78902 -0.113501 0.101397 0.864005 
  err: 3 0 0.377525 
/ATLAS_2015_I1404878_custom/d17-x01-y01#14 1.40000e+00 1.50000e+00
  val: 3 2 3.5164 0.670865 0.502146 0.144019 -0.756581 -0.0899703 -0.383316 -0.226772 -0.311911 0.126837 
  err: 3 0 0.275488 
/ATLAS_2015_I1404878_custom/d17-x01-y01#15 1.50000e+00 2.00000e+00
  val: 3 2 1.16209 -0.199771 -0.0673491 -0.0919294 -0.000563567 0.110646 0.0234974 0.0862109 -0.0254897 0.0677714 
  err: 3 0 0.0608317 
/ATLAS_2015_I1404878_custom/d19-x01-y01#0 1.00000e+00 1.40000e+00
  val: 3 2 21.3283 -0.96138 -0.149709 -0.461467 0.639786 -0.595768 0.0145833 -0.055639 0.259598 0.473258 
  err: 3 0 0.495651 
/ATLAS_2015_I1404878_custom/d19-x01-y01#1 1.40000e+00 1.90000e+00
  val: 3 2 13.6506 -1.3541 0.373347 0.542574 0.55625 0.0341685 -0.0289847 0.453618 -0.665223 -0.539959 
  err: 3 0 0.320307 
/ATLAS_2015_I1404878_custom/d19-x01-y01#2 1.90000e+00 2.50000e+00
  val: 3 2 8.26643 -0.629281 0.0896272 -0.144837 0.374851 -0.04799 -0.258725 0.0341725 0.365521 -0.0759737 
  err: 3 0 0.289522 
/ATLAS_2015_I1404878_custom/d19-x01-y01#3 2.50000e+00 3.20000e+00
  val: 3 2 5.02951 -1.11508 0.2248 0.0529325 0.722635 -0.29082 -0.243368 0.611464 0.115002 -0.490303 
  err: 3 0 0.168805 
/ATLAS_2015_I1404878_custom/d19-x01-y01#4 3.20000e+00 4.20000e+00
  val: 3 2 2.37088 -0.0522385 0.0830667 0.675085 0.373685 -0.173179 0.171524 -0.29519 -0.257497 -0.305592 
  err: 3 0 0.112591 
/ATLAS_2015_I1404878_custom/d19-x01-y01#5 4.20000e+00 5.50000e+00
  val: 3 2 1.25555 0.245251 0.0897246 0.0935633 -0.124216 -0.0920135 -0.0237005 -0.199505 -0.0727592 0.0751087 
  err: 3 0 0.0844177 
/ATLAS_2015_I1404878_custom/d19-x01-y01#6 5.50000e+00 7.20000e+00
  val: 3 2 0.660578 -0.0209222 -0.136746 -0.124299 0.0103693 0.00565828 0.179423 0.0578215 -0.0767213 0.129486 
  err: 3 0 0.0549851 
/ATLAS_2015_I1404878_custom/d19-x01-y01#7 7.20000e+00 9.30000e+00
  val: 3 2 0.300954 0.00647386 0.0523554 0.0357413 0.0160882 0.0194216 -0.115882 -0.0954111 0.0791502 -0.0596844 
  err: 3 0 0.0327468 
/ATLAS_2015_I1404878_custom/d19-x01-y01#8 9.30000e+00 1.20000e+01
  val: 3 2 0.149895 -0.0557252 0.0262538 -0.0240881 0.0044228 0.0149242 -0.0187837 0.0522376 -0.0489013 0.0178071 
  err: 3 0 0.0233989 
/ATLAS_2015_I1404878_custom/d19-x01-y01#9 1.20000e+01 2.00000e+01
  val: 3 2 0.0165347 0.00862332 0.00167102 0.0476544 0.00429434 0.00044217 0.00615537 -0.0216074 -0.0111076 -0.0224999 
  err: 3 0 0.00547847 
/ATLAS_2015_I1404878_custom/d21-x01-y01#0 0.00000e+00 1.00000e-01
  val: 3 2 4.88859 1.37093 -0.87655 -0.121514 -1.86531 0.224793 0.955904 0.264534 0.102979 0.146234 
  err: 3 0 0.425023 
/ATLAS_2015_I1404878_custom/d21-x01-y01#1 1.00000e-01 2.00000e-01
  val: 3 2 13.6648 -3.86196 -2.23086 -1.07913 2.25345 0.828677 1.4424 0.609559 0.40436 0.158888 
  err: 3 0 0.901558 
/ATLAS_2015_I1404878_custom/d21-x01-y01#2 2.00000e-01 3.00000e-01
  val: 3 2 14.9987 -0.080205 1.97618 3.19989 1.75023 -2.07145 -0.335123 -0.875275 -1.6751 -0.979422 
  err: 3 0 0.815132 
/ATLAS_2015_I1404878_custom/d21-x01-y01#3 3.00000e-01 4.00000e-01
  val: 3 2 19.3148 0.212908 3.2684 1.41012 1.74076 0.27191 -3.2014 -3.21372 -0.327812 0.85777 
  err: 3 0 0.891119 
/ATLAS_2015_I1404878_custom/d21-x01-y01#4 4.00000e-01 6.00000e-01
  val: 3 2 26.1123 -1.21327 1.57753 1.99169 0.661428 -1.14675 -0.999204 0.464779 -0.983137 -1.9069 
  err: 3 0 0.808059 
/ATLAS_2015_I1404878_custom/d21-x01-y01#5 6.00000e-01 8.00000e-01
  val: 3 2 29.8596 -3.859 3.15811 0.235408 2.9419 -1.56414 -1.59002 0.247005 -0.576827 -0.409715 
  err: 3 0 0.847721 
/ATLAS_2015_I1404878_custom/d21-x01-y01#6 8.00000e-01 1.00000e+00
  val: 3 2 24.298 0.0476371 3.16912 -0.395876 0.420575 -1.56879 -2.11462 0.296975 -0.865244 0.822765 
  err: 3 0 0.720849 
/ATLAS_2015_I1404878_custom/d21-x01-y01#7 1.00000e+00 1.30000e+00
  val: 3 2 12.7138 -0.537401 -0.86609 0.870291 0.326838 0.130877 1.08597 -0.525299 -0.573749 -0.426956 
  err: 3 0 0.454288 
/ATLAS_2015_I1404878_custom/d21-x01-y01#8 1.30000e+00 1.70000e+00
  val: 3 2 6.03908 -0.84018 -1.22528 -0.487573 0.1633 0.4692 0.516251 0.517182 0.670657 -0.132967 
  err: 3 0 0.369825 
/ATLAS_2015_I1404878_custom/d21-x01-y01#9 1.70000e+00 2.30000e+00
  val: 3 2 1.92762 0.206915 -0.378795 0.245474 -0.238507 -0.0812425 0.417991 -0.0053185 0.0241877 -0.181412 
  err: 3 0 0.145043 
/ATLAS_2015_I1404878_custom/d21-x01-y01#10 2.30000e+00 3.10000e+00
  val: 3 2 0.759252 -0.104814 -0.215612 0.228453 0.158427 -0.0176829 0.172608 -0.0476666 -0.005814 -0.168417 
  err: 3 0 0.0576518 
/ATLAS_2015_I1404878_custom/d21-x01-y01#11 3.10000e+00 5.00000e+00
  val: 3 2 0.270985 -0.0523074 -0.0507774 0.0283994 -0.00182276 0.0658111 -0.00990379 0.000865363 0.0314809 -0.0448909 
  err: 3 0 0.0257988 
