# BEGIN PLOT
DrawOnly=/home/iwsatlas1/scyboz/Work/SHERPA-SHERPAJ/seedALL.yoda/bB4l_comparison/HT
Legend=1
LogY=1
# END PLOT

# BEGIN HISTO1D /home/iwsatlas1/scyboz/Work/SHERPA-SHERPAJ/seedALL.yoda/bB4l_comparison/HT
LineColor={[HTML]{EE3311}}
LineStyle=solid
Path=/home/iwsatlas1/scyboz/Work/SHERPA-SHERPAJ/seedALL.yoda/bB4l_comparison/HT
Title=seedALL
XLabel=
YLabel=
yodamerge_scale= 1.00000000e+00
# xlow	 xhigh	 val	 errminus	 errplus
0.000000e+00	6.000000e+01	0.000000e+00	0.000000e+00	0.000000e+00
6.000000e+01	1.200000e+02	0.000000e+00	0.000000e+00	0.000000e+00
1.200000e+02	1.800000e+02	0.000000e+00	0.000000e+00	0.000000e+00
1.800000e+02	2.400000e+02	0.000000e+00	0.000000e+00	0.000000e+00
2.400000e+02	3.000000e+02	0.000000e+00	0.000000e+00	0.000000e+00
3.000000e+02	3.600000e+02	0.000000e+00	0.000000e+00	0.000000e+00
3.600000e+02	4.200000e+02	0.000000e+00	0.000000e+00	0.000000e+00
4.200000e+02	4.800000e+02	0.000000e+00	0.000000e+00	0.000000e+00
4.800000e+02	5.400000e+02	0.000000e+00	0.000000e+00	0.000000e+00
5.400000e+02	6.000000e+02	0.000000e+00	0.000000e+00	0.000000e+00
6.000000e+02	6.600000e+02	0.000000e+00	0.000000e+00	0.000000e+00
6.600000e+02	7.200000e+02	0.000000e+00	0.000000e+00	0.000000e+00
7.200000e+02	7.800000e+02	0.000000e+00	0.000000e+00	0.000000e+00
7.800000e+02	8.400000e+02	0.000000e+00	0.000000e+00	0.000000e+00
8.400000e+02	9.000000e+02	0.000000e+00	0.000000e+00	0.000000e+00
9.000000e+02	9.600000e+02	0.000000e+00	0.000000e+00	0.000000e+00
9.600000e+02	1.020000e+03	0.000000e+00	0.000000e+00	0.000000e+00
1.020000e+03	1.080000e+03	0.000000e+00	0.000000e+00	0.000000e+00
1.080000e+03	1.140000e+03	0.000000e+00	0.000000e+00	0.000000e+00
1.140000e+03	1.200000e+03	0.000000e+00	0.000000e+00	0.000000e+00
# END HISTO1D

