# BEGIN PLOT
DrawOnly=/home/iwsatlas1/scyboz/Work/SHERPA-SHERPAJ/seedALL.yoda/bB4l_comparison/pTbDec
Legend=1
LogY=1
# END PLOT

# BEGIN HISTO1D /home/iwsatlas1/scyboz/Work/SHERPA-SHERPAJ/seedALL.yoda/bB4l_comparison/pTbDec
LineColor={[HTML]{EE3311}}
LineStyle=solid
Path=/home/iwsatlas1/scyboz/Work/SHERPA-SHERPAJ/seedALL.yoda/bB4l_comparison/pTbDec
Title=seedALL
XLabel=
YLabel=
yodamerge_scale= 1.00000000e+00
# xlow	 xhigh	 val	 errminus	 errplus
0.000000e+00	2.000000e+00	0.000000e+00	0.000000e+00	0.000000e+00
2.000000e+00	4.000000e+00	0.000000e+00	0.000000e+00	0.000000e+00
4.000000e+00	6.000000e+00	0.000000e+00	0.000000e+00	0.000000e+00
6.000000e+00	8.000000e+00	0.000000e+00	0.000000e+00	0.000000e+00
8.000000e+00	1.000000e+01	0.000000e+00	0.000000e+00	0.000000e+00
1.000000e+01	1.200000e+01	0.000000e+00	0.000000e+00	0.000000e+00
1.200000e+01	1.400000e+01	0.000000e+00	0.000000e+00	0.000000e+00
1.400000e+01	1.600000e+01	0.000000e+00	0.000000e+00	0.000000e+00
1.600000e+01	1.800000e+01	0.000000e+00	0.000000e+00	0.000000e+00
1.800000e+01	2.000000e+01	0.000000e+00	0.000000e+00	0.000000e+00
2.000000e+01	2.200000e+01	0.000000e+00	0.000000e+00	0.000000e+00
2.200000e+01	2.400000e+01	0.000000e+00	0.000000e+00	0.000000e+00
2.400000e+01	2.600000e+01	0.000000e+00	0.000000e+00	0.000000e+00
2.600000e+01	2.800000e+01	0.000000e+00	0.000000e+00	0.000000e+00
2.800000e+01	3.000000e+01	0.000000e+00	0.000000e+00	0.000000e+00
# END HISTO1D

